5274
8435
8138
4241
1214
5630
3932
3272
9117
8644
6334
6909
8676
1932
3975
2631
4820
1541
2254
4955
2791
8301
9702
5253
9332
2055
2212
5375
9435
1478
6278
1467
3128
6214
1057
6733
3169
6079
3507
1386
3325
5420
4019
6703
4831
5264
6408
7596
2970
2285
7137
6766
3078
1093
9405
4017
9092
4665
9278
9774
1208
8603
6793
8850
1013
9231
3055
7693
8954
1576
1946
9090
5023
3523
2813
6130
6471
8383
6287
4955
2792
9810
3130
8360
8172
1371
5933
8556
4126
4062
4838
1503
8711
6199
7922
5594
2242
8013
1407
3286
1930
9811
1716
1611
5779
3536
5477
1471
6563
2042
3750
3331
9797
2859
7666
7754
2081
2980
3679
1425
6906
7564
8858
6165
1089
3624
1238
9608
7015
1678
7173
2645
3630
2540
9897
2898
4211
6433
8797
4705
1227
5627
3631
6845
4062
9288
1732
1477
6529
2762
6972
1217
7076
7708
9978
2269
9678
3682
9035
4081
6497
4242
1206
4282
7917
7117
6382
6035
5799
4308
2198
3329
9163
3882
3915
9214
9633
7575
9977
3746
1248
2535
8702
4892
1276
5849
2512
5268
3347
6536
5337
7623
8925
6955
7943
2619
2286
7649
2130
1994