27933804
27983526
27143685
27346676
27164717
27246622
27172369
27565941
27938323
27509602
27720161
27345527
27772619
27409132
27041489
27058564
27864012
27566512
27183040
27812423
27839660
27633660
27366500
27802023
27257378
27208691
27306324
27012411
27313036
27496075
27610085
27986980
27176746
27574979
27408800
27426281
27522014
27206182
27200565
27494818
27984096
27234607
27601906
27744348
27362724
27597714
27430969
27632939
27126023
27400106
27824178
27052652
27954576
27050341
27941360
27915535
27949501
27559539
27026424
27836651
27576408
27593184
27346174
27174039
27905338
27383405
27300705
27728440
27729038
27919315
27407430
27675164
27487382
27724074
27596043
27429236
27224699
27920074
27434628
27345192
27418488
27198451
27004769
27983502
27608442
27788705
27094746
27574090
27119392
27400779
27786539
27075117
27691716
27993122
27118899
27372819
27364476
27312567
27537206
27687560
27322445
27513048
27889759
27808172
27684158
27505342
27219677
27470585
27473040
27936001
27999747
27269738
27969610
27005258
27564380
27067172
27709538
27345559
27808993
27215247
27721791
27524035
27582198
27985708
27678970
27052668
27768558
27904917
27660329
27059592
27998269
27224063
27369520
27765059
27970254
27280126
27746035
27134643
27423243
27581531
27370444
27304746
27543826
27680299
27673575
27186381
27186602
27298336
27557786
27865210
27537732
27185987
27156633
27630259
27829776
27350292
27061796
27273819
27636762
27436852
27186847
27888004
27803486
27373760
27518912
27163161
27255277
27407290
27644314
27255148
27847227
27434483
27000186
27709351
27079651
27101043
27540390
27193387
27164740
27508789
27665335
27425650
27295538
27964837
27808964
27654297
27868037
27715699
27423067
27943990
27648894
27466438
27171968
27473774
27312309
27535822
27061801
27406436
27954814
27141075
27701441
27261177
27597862
27749605
27049332
27928005
27110147
27333726
27575496
27071950
27441627
27242999
27593984
27477639
27554746
27069967
27459680
27688925
27936882
27658555
27580424
27469541
27185332
27991287
27069679
27054599
27513815
27111730
27352297
27938762
27027699
27303704
27354190
27112473
27977462
27426782
27051024
27698941
27817288
27221830
27345359
27446580
27152539
27302019
27709768
27461791
27794742
27836240
27372692
27760571
27702053
27992946
27616208
27243553
27745531
27731189
27128253
27292292
27906267
27687200
27468448
27967176
27769866
27875451
27322247
27380953
27077958
27081739
27284217
27223367
27965737
27808133
27202513
27103279
27806824
27976677
27087316
27337157
27182467
27699618
27258702
27005487
27133685
27914074
27011868
27057717
27934965
27282506
27668678
27086024
27072067
27108326
27158934
27678608
27648881
27348127
27462869
27126193
27491044
27787029
27913452
27371230
27953743
27010479
27063313
27598953
27670175
27848765
27443354
27344720
27244800
27901356
27775041
27023666
27746064
27866837
27590588
27637305
27212986
27572164
27139184
27473894
27292210
27084146
27326019
27894261
27708311
27083935
27665749
27983019
27583143
27054998
27814157
27457304
27793350
27311316
27141197
27411587
27670835
27994610
27034323
27544845
27303819
27280834
27125564
27421302
27570470
27317414
27775240
27729089
27938259
27751079
27447902
27629373
27055984
27381820
27111611
27204884
27878027
27440261
27196918
27684661
27852821
27848009
27069159
27088814
27711640
27574640
27975075
27175214
27812934
27872678
27188048
27986447
27128965
27721501
27030719
27605318
27298575
27052325
27792230
27574183
27950106
27623407
27062174
27144735
27096871
27064073
27293951
27847682
27735071
27019574
27855608
27234801
27313328
27780269
27967595
27633257
27837906
27889540
27655111
27726751
27598793
27212139
27939212
27026985
27266122
27602349
27858752
27794423
27695679
27241571
27518199
27237613
27437917
27843691
27345803
27548612
27617606
27349742
27613462
27587440
27990119
27007424
27579358
27934271
27048441
27808487
27193335
27410247
27119607
27637754
27472935
27039991
27620398
27261702
27370983
27686517
27912978
27587282
27713750
27467913
27440118
27782082
27769329
27421013
27113413
27860570
27455686
27092386
27757479
27400275
27347082
27847432
27166627
27446840
27361423
27059827
27876031
27335487
27612980
27258166
27870274
27057932
27593482
27736909
27500833
27076811
27322712
27268430
27048381
27142063
27518241
27919358
27539162
27170429
27419503
27870763
27868541
27940324
27981099
27411387
27471877
27633632
27323337
27488660
27707669
27818937
27232898
27021797
27841104
27288763
27019759
27252950
27211734
27924057
27832320
27137514
27066391
27961785