



[1, 1, 2, 1]
Yes



[1, 1, 3, 1]
Yes
[1, 1, 3, 2]
Yes


[1, 1, 4, 1]
Yes
[1, 1, 4, 2]
Yes
[1, 1, 4, 3]
Yes

[1, 2, 1, 1]
Yes
[1, 2, 1, 2]
Yes
[1, 2, 1, 3]
Yes
[1, 2, 1, 4]
Yes
[1, 2, 2, 1]
Yes



[1, 2, 3, 1]
No
[1, 2, 3, 2]
Yes


[1, 2, 4, 1]
No
[1, 2, 4, 2]
Yes
[1, 2, 4, 3]
Yes

[1, 3, 1, 1]
Yes
[1, 3, 1, 2]
No
[1, 3, 1, 3]
Yes
[1, 3, 1, 4]
Yes
[1, 3, 2, 1]
Yes
[1, 3, 2, 2]
Yes
[1, 3, 2, 3]
Yes
[1, 3, 2, 4]
Yes
[1, 3, 3, 1]
Yes
[1, 3, 3, 2]
Yes


[1, 3, 4, 1]
No
[1, 3, 4, 2]
No
[1, 3, 4, 3]
Yes

[1, 4, 1, 1]
Yes
[1, 4, 1, 2]
No
[1, 4, 1, 3]
No
[1, 4, 1, 4]
Yes
[1, 4, 2, 1]
Yes
[1, 4, 2, 2]
Yes
[1, 4, 2, 3]
No
[1, 4, 2, 4]
Yes
[1, 4, 3, 1]
Yes
[1, 4, 3, 2]
Yes
[1, 4, 3, 3]
Yes
[1, 4, 3, 4]
Yes
[1, 4, 4, 1]
Yes
[1, 4, 4, 2]
Yes
[1, 4, 4, 3]
Yes


[2, 1, 1, 2]
Yes
[2, 1, 1, 3]
Yes
[2, 1, 1, 4]
Yes
[2, 1, 2, 1]
No
[2, 1, 2, 2]
Yes
[2, 1, 2, 3]
Yes
[2, 1, 2, 4]
Yes
[2, 1, 3, 1]
No
[2, 1, 3, 2]
No
[2, 1, 3, 3]
Yes
[2, 1, 3, 4]
Yes
[2, 1, 4, 1]
No
[2, 1, 4, 2]
No
[2, 1, 4, 3]
No
[2, 1, 4, 4]
Yes

[2, 2, 1, 2]
Yes
[2, 2, 1, 3]
Yes
[2, 2, 1, 4]
Yes




[2, 2, 3, 1]
No
[2, 2, 3, 2]
Yes


[2, 2, 4, 1]
No
[2, 2, 4, 2]
Yes
[2, 2, 4, 3]
Yes

[2, 3, 1, 1]
No
[2, 3, 1, 2]
No
[2, 3, 1, 3]
No
[2, 3, 1, 4]
No
[2, 3, 2, 1]
No
[2, 3, 2, 2]
Yes
[2, 3, 2, 3]
Yes
[2, 3, 2, 4]
Yes
[2, 3, 3, 1]
No
[2, 3, 3, 2]
Yes


[2, 3, 4, 1]
No
[2, 3, 4, 2]
No
[2, 3, 4, 3]
Yes

[2, 4, 1, 1]
No
[2, 4, 1, 2]
No
[2, 4, 1, 3]
No
[2, 4, 1, 4]
No
[2, 4, 2, 1]
No
[2, 4, 2, 2]
Yes
[2, 4, 2, 3]
No
[2, 4, 2, 4]
Yes
[2, 4, 3, 1]
No
[2, 4, 3, 2]
Yes
[2, 4, 3, 3]
Yes
[2, 4, 3, 4]
Yes
[2, 4, 4, 1]
No
[2, 4, 4, 2]
Yes
[2, 4, 4, 3]
Yes


[3, 1, 1, 2]
No
[3, 1, 1, 3]
Yes
[3, 1, 1, 4]
Yes
[3, 1, 2, 1]
No
[3, 1, 2, 2]
No
[3, 1, 2, 3]
No
[3, 1, 2, 4]
No
[3, 1, 3, 1]
No
[3, 1, 3, 2]
No
[3, 1, 3, 3]
Yes
[3, 1, 3, 4]
Yes
[3, 1, 4, 1]
No
[3, 1, 4, 2]
No
[3, 1, 4, 3]
No
[3, 1, 4, 4]
Yes

[3, 2, 1, 2]
No
[3, 2, 1, 3]
Yes
[3, 2, 1, 4]
Yes


[3, 2, 2, 3]
Yes
[3, 2, 2, 4]
Yes
[3, 2, 3, 1]
No
[3, 2, 3, 2]
No
[3, 2, 3, 3]
Yes
[3, 2, 3, 4]
Yes
[3, 2, 4, 1]
No
[3, 2, 4, 2]
No
[3, 2, 4, 3]
No
[3, 2, 4, 4]
Yes

[3, 3, 1, 2]
No
[3, 3, 1, 3]
Yes
[3, 3, 1, 4]
Yes


[3, 3, 2, 3]
Yes
[3, 3, 2, 4]
Yes




[3, 3, 4, 1]
No
[3, 3, 4, 2]
No
[3, 3, 4, 3]
Yes

[3, 4, 1, 1]
No
[3, 4, 1, 2]
No
[3, 4, 1, 3]
No
[3, 4, 1, 4]
No
[3, 4, 2, 1]
No
[3, 4, 2, 2]
No
[3, 4, 2, 3]
No
[3, 4, 2, 4]
No
[3, 4, 3, 1]
No
[3, 4, 3, 2]
No
[3, 4, 3, 3]
Yes
[3, 4, 3, 4]
Yes
[3, 4, 4, 1]
No
[3, 4, 4, 2]
No
[3, 4, 4, 3]
Yes


[4, 1, 1, 2]
No
[4, 1, 1, 3]
No
[4, 1, 1, 4]
Yes
[4, 1, 2, 1]
No
[4, 1, 2, 2]
No
[4, 1, 2, 3]
No
[4, 1, 2, 4]
No
[4, 1, 3, 1]
No
[4, 1, 3, 2]
No
[4, 1, 3, 3]
No
[4, 1, 3, 4]
No
[4, 1, 4, 1]
No
[4, 1, 4, 2]
No
[4, 1, 4, 3]
No
[4, 1, 4, 4]
Yes

[4, 2, 1, 2]
No
[4, 2, 1, 3]
No
[4, 2, 1, 4]
Yes


[4, 2, 2, 3]
No
[4, 2, 2, 4]
Yes
[4, 2, 3, 1]
No
[4, 2, 3, 2]
No
[4, 2, 3, 3]
No
[4, 2, 3, 4]
No
[4, 2, 4, 1]
No
[4, 2, 4, 2]
No
[4, 2, 4, 3]
No
[4, 2, 4, 4]
Yes

[4, 3, 1, 2]
No
[4, 3, 1, 3]
No
[4, 3, 1, 4]
Yes


[4, 3, 2, 3]
No
[4, 3, 2, 4]
Yes



[4, 3, 3, 4]
Yes
[4, 3, 4, 1]
No
[4, 3, 4, 2]
No
[4, 3, 4, 3]
No
[4, 3, 4, 4]
Yes

[4, 4, 1, 2]
No
[4, 4, 1, 3]
No
[4, 4, 1, 4]
Yes


[4, 4, 2, 3]
No
[4, 4, 2, 4]
Yes



[4, 4, 3, 4]
Yes




