100
6697461
7
4461642
3191803
9999971
6
1281246
3132736
6513281
9309119
9999929
6463741
3929879
9999995
9325574
9987391
7783893
9010879
9999930
2360890
1264969
3702389
7203246
12
9971849
1750607
9999931
8248729
9999999
10
9682616
4
6735763
8603593
3
3877633
7742461
8763892
2872729
2295773
2196613
4572049
9999998
13
1507483
9999972
1221469
983469
592432
9999162
4170220
928009
9516811
5462959
1403870
140839
6716541
7762723
615403
6987083
3410821
1862603
8697851
8460583
6537523
4461643
8
2044523
9999163
3855409
4751053
2610613
5001361
9999996
10000000
5094841
5
9999973
2896297
1
559513
1481717
4461641
2
5388168
9
6865010
9299449
4046177
11
3323191
3023326
4936439
9999997
4125389
8873129
9999991
1144
9999161
5331653
