2 2 1 1900
3 3 1 1900
4 4 1 1900
5 5 1 1900
6 6 1 1900
7 0 1 1900
8 1 1 1900
9 2 1 1900
10 3 1 1900
11 4 1 1900
12 5 1 1900
13 6 1 1900
14 0 1 1900
15 1 1 1900
16 2 1 1900
17 3 1 1900
18 4 1 1900
19 5 1 1900
20 6 1 1900
21 0 1 1900
22 1 1 1900
23 2 1 1900
24 3 1 1900
25 4 1 1900
26 5 1 1900
27 6 1 1900
28 0 1 1900
29 1 1 1900
30 2 1 1900
31 3 1 1900
1 4 2 1900
2 5 2 1900
3 6 2 1900
4 0 2 1900
5 1 2 1900
6 2 2 1900
7 3 2 1900
8 4 2 1900
9 5 2 1900
10 6 2 1900
11 0 2 1900
12 1 2 1900
13 2 2 1900
14 3 2 1900
15 4 2 1900
16 5 2 1900
17 6 2 1900
18 0 2 1900
19 1 2 1900
20 2 2 1900
21 3 2 1900
22 4 2 1900
23 5 2 1900
24 6 2 1900
25 0 2 1900
26 1 2 1900
27 2 2 1900
28 3 2 1900
1 4 3 1900
2 5 3 1900
3 6 3 1900
4 0 3 1900
5 1 3 1900
6 2 3 1900
7 3 3 1900
8 4 3 1900
9 5 3 1900
10 6 3 1900
11 0 3 1900
12 1 3 1900
13 2 3 1900
14 3 3 1900
15 4 3 1900
16 5 3 1900
17 6 3 1900
18 0 3 1900
19 1 3 1900
20 2 3 1900
21 3 3 1900
22 4 3 1900
23 5 3 1900
24 6 3 1900
25 0 3 1900
26 1 3 1900
27 2 3 1900
28 3 3 1900
29 4 3 1900
30 5 3 1900
31 6 3 1900
1 0 4 1900
2 1 4 1900
3 2 4 1900
4 3 4 1900
5 4 4 1900
6 5 4 1900
7 6 4 1900
8 0 4 1900
9 1 4 1900
10 2 4 1900
11 3 4 1900
12 4 4 1900
13 5 4 1900
14 6 4 1900
15 0 4 1900
16 1 4 1900
17 2 4 1900
18 3 4 1900
19 4 4 1900
20 5 4 1900
21 6 4 1900
22 0 4 1900
23 1 4 1900
24 2 4 1900
25 3 4 1900
26 4 4 1900
27 5 4 1900
28 6 4 1900
29 0 4 1900
30 1 4 1900
1 2 5 1900
2 3 5 1900
3 4 5 1900
4 5 5 1900
5 6 5 1900
6 0 5 1900
7 1 5 1900
8 2 5 1900
9 3 5 1900
10 4 5 1900
11 5 5 1900
12 6 5 1900
13 0 5 1900
14 1 5 1900
15 2 5 1900
16 3 5 1900
17 4 5 1900
18 5 5 1900
19 6 5 1900
20 0 5 1900
21 1 5 1900
22 2 5 1900
23 3 5 1900
24 4 5 1900
25 5 5 1900
26 6 5 1900
27 0 5 1900
28 1 5 1900
29 2 5 1900
30 3 5 1900
31 4 5 1900
1 5 6 1900
2 6 6 1900
3 0 6 1900
4 1 6 1900
5 2 6 1900
6 3 6 1900
7 4 6 1900
8 5 6 1900
9 6 6 1900
10 0 6 1900
11 1 6 1900
12 2 6 1900
13 3 6 1900
14 4 6 1900
15 5 6 1900
16 6 6 1900
17 0 6 1900
18 1 6 1900
19 2 6 1900
20 3 6 1900
21 4 6 1900
22 5 6 1900
23 6 6 1900
24 0 6 1900
25 1 6 1900
26 2 6 1900
27 3 6 1900
28 4 6 1900
29 5 6 1900
30 6 6 1900
1 0 7 1900
2 1 7 1900
3 2 7 1900
4 3 7 1900
5 4 7 1900
6 5 7 1900
7 6 7 1900
8 0 7 1900
9 1 7 1900
10 2 7 1900
11 3 7 1900
12 4 7 1900
13 5 7 1900
14 6 7 1900
15 0 7 1900
16 1 7 1900
17 2 7 1900
18 3 7 1900
19 4 7 1900
20 5 7 1900
21 6 7 1900
22 0 7 1900
23 1 7 1900
24 2 7 1900
25 3 7 1900
26 4 7 1900
27 5 7 1900
28 6 7 1900
29 0 7 1900
30 1 7 1900
31 2 7 1900
1 3 8 1900
2 4 8 1900
3 5 8 1900
4 6 8 1900
5 0 8 1900
6 1 8 1900
7 2 8 1900
8 3 8 1900
9 4 8 1900
10 5 8 1900
11 6 8 1900
12 0 8 1900
13 1 8 1900
14 2 8 1900
15 3 8 1900
16 4 8 1900
17 5 8 1900
18 6 8 1900
19 0 8 1900
20 1 8 1900
21 2 8 1900
22 3 8 1900
23 4 8 1900
24 5 8 1900
25 6 8 1900
26 0 8 1900
27 1 8 1900
28 2 8 1900
29 3 8 1900
30 4 8 1900
31 5 8 1900
1 6 9 1900
2 0 9 1900
3 1 9 1900
4 2 9 1900
5 3 9 1900
6 4 9 1900
7 5 9 1900
8 6 9 1900
9 0 9 1900
10 1 9 1900
11 2 9 1900
12 3 9 1900
13 4 9 1900
14 5 9 1900
15 6 9 1900
16 0 9 1900
17 1 9 1900
18 2 9 1900
19 3 9 1900
20 4 9 1900
21 5 9 1900
22 6 9 1900
23 0 9 1900
24 1 9 1900
25 2 9 1900
26 3 9 1900
27 4 9 1900
28 5 9 1900
29 6 9 1900
30 0 9 1900
1 1 10 1900
2 2 10 1900
3 3 10 1900
4 4 10 1900
5 5 10 1900
6 6 10 1900
7 0 10 1900
8 1 10 1900
9 2 10 1900
10 3 10 1900
11 4 10 1900
12 5 10 1900
13 6 10 1900
14 0 10 1900
15 1 10 1900
16 2 10 1900
17 3 10 1900
18 4 10 1900
19 5 10 1900
20 6 10 1900
21 0 10 1900
22 1 10 1900
23 2 10 1900
24 3 10 1900
25 4 10 1900
26 5 10 1900
27 6 10 1900
28 0 10 1900
29 1 10 1900
30 2 10 1900
31 3 10 1900
1 4 11 1900
2 5 11 1900
3 6 11 1900
4 0 11 1900
5 1 11 1900
6 2 11 1900
7 3 11 1900
8 4 11 1900
9 5 11 1900
10 6 11 1900
11 0 11 1900
12 1 11 1900
13 2 11 1900
14 3 11 1900
15 4 11 1900
16 5 11 1900
17 6 11 1900
18 0 11 1900
19 1 11 1900
20 2 11 1900
21 3 11 1900
22 4 11 1900
23 5 11 1900
24 6 11 1900
25 0 11 1900
26 1 11 1900
27 2 11 1900
28 3 11 1900
29 4 11 1900
30 5 11 1900
1 6 0 1900
2 0 0 1900
3 1 0 1900
4 2 0 1900
5 3 0 1900
6 4 0 1900
7 5 0 1900
8 6 0 1900
9 0 0 1900
10 1 0 1900
11 2 0 1900
12 3 0 1900
13 4 0 1900
14 5 0 1900
15 6 0 1900
16 0 0 1900
17 1 0 1900
18 2 0 1900
19 3 0 1900
20 4 0 1900
21 5 0 1900
22 6 0 1900
23 0 0 1900
24 1 0 1900
25 2 0 1900
26 3 0 1900
27 4 0 1900
28 5 0 1900
29 6 0 1900
30 0 0 1900
31 1 0 1900
1 2 1 1901
2 3 1 1901
3 4 1 1901
4 5 1 1901
5 6 1 1901
6 0 1 1901
7 1 1 1901
8 2 1 1901
9 3 1 1901
10 4 1 1901
11 5 1 1901
12 6 1 1901
13 0 1 1901
14 1 1 1901
15 2 1 1901
16 3 1 1901
17 4 1 1901
18 5 1 1901
19 6 1 1901
20 0 1 1901
21 1 1 1901
22 2 1 1901
23 3 1 1901
24 4 1 1901
25 5 1 1901
26 6 1 1901
27 0 1 1901
28 1 1 1901
29 2 1 1901
30 3 1 1901
31 4 1 1901
1 5 2 1901
2 6 2 1901
3 0 2 1901
4 1 2 1901
5 2 2 1901
6 3 2 1901
7 4 2 1901
8 5 2 1901
9 6 2 1901
10 0 2 1901
11 1 2 1901
12 2 2 1901
13 3 2 1901
14 4 2 1901
15 5 2 1901
16 6 2 1901
17 0 2 1901
18 1 2 1901
19 2 2 1901
20 3 2 1901
21 4 2 1901
22 5 2 1901
23 6 2 1901
24 0 2 1901
25 1 2 1901
26 2 2 1901
27 3 2 1901
28 4 2 1901
1 5 3 1901
2 6 3 1901
3 0 3 1901
4 1 3 1901
5 2 3 1901
6 3 3 1901
7 4 3 1901
8 5 3 1901
9 6 3 1901
10 0 3 1901
11 1 3 1901
12 2 3 1901
13 3 3 1901
14 4 3 1901
15 5 3 1901
16 6 3 1901
17 0 3 1901
18 1 3 1901
19 2 3 1901
20 3 3 1901
21 4 3 1901
22 5 3 1901
23 6 3 1901
24 0 3 1901
25 1 3 1901
26 2 3 1901
27 3 3 1901
28 4 3 1901
29 5 3 1901
30 6 3 1901
31 0 3 1901
1 1 4 1901
2 2 4 1901
3 3 4 1901
4 4 4 1901
5 5 4 1901
6 6 4 1901
7 0 4 1901
8 1 4 1901
9 2 4 1901
10 3 4 1901
11 4 4 1901
12 5 4 1901
13 6 4 1901
14 0 4 1901
15 1 4 1901
16 2 4 1901
17 3 4 1901
18 4 4 1901
19 5 4 1901
20 6 4 1901
21 0 4 1901
22 1 4 1901
23 2 4 1901
24 3 4 1901
25 4 4 1901
26 5 4 1901
27 6 4 1901
28 0 4 1901
29 1 4 1901
30 2 4 1901
1 3 5 1901
2 4 5 1901
3 5 5 1901
4 6 5 1901
5 0 5 1901
6 1 5 1901
7 2 5 1901
8 3 5 1901
9 4 5 1901
10 5 5 1901
11 6 5 1901
12 0 5 1901
13 1 5 1901
14 2 5 1901
15 3 5 1901
16 4 5 1901
17 5 5 1901
18 6 5 1901
19 0 5 1901
20 1 5 1901
21 2 5 1901
22 3 5 1901
23 4 5 1901
24 5 5 1901
25 6 5 1901
26 0 5 1901
27 1 5 1901
28 2 5 1901
29 3 5 1901
30 4 5 1901
31 5 5 1901
1 6 6 1901
2 0 6 1901
3 1 6 1901
4 2 6 1901
5 3 6 1901
6 4 6 1901
7 5 6 1901
8 6 6 1901
9 0 6 1901
10 1 6 1901
11 2 6 1901
12 3 6 1901
13 4 6 1901
14 5 6 1901
15 6 6 1901
16 0 6 1901
17 1 6 1901
18 2 6 1901
19 3 6 1901
20 4 6 1901
21 5 6 1901
22 6 6 1901
23 0 6 1901
24 1 6 1901
25 2 6 1901
26 3 6 1901
27 4 6 1901
28 5 6 1901
29 6 6 1901
30 0 6 1901
1 1 7 1901
2 2 7 1901
3 3 7 1901
4 4 7 1901
5 5 7 1901
6 6 7 1901
7 0 7 1901
8 1 7 1901
9 2 7 1901
10 3 7 1901
11 4 7 1901
12 5 7 1901
13 6 7 1901
14 0 7 1901
15 1 7 1901
16 2 7 1901
17 3 7 1901
18 4 7 1901
19 5 7 1901
20 6 7 1901
21 0 7 1901
22 1 7 1901
23 2 7 1901
24 3 7 1901
25 4 7 1901
26 5 7 1901
27 6 7 1901
28 0 7 1901
29 1 7 1901
30 2 7 1901
31 3 7 1901
1 4 8 1901
2 5 8 1901
3 6 8 1901
4 0 8 1901
5 1 8 1901
6 2 8 1901
7 3 8 1901
8 4 8 1901
9 5 8 1901
10 6 8 1901
11 0 8 1901
12 1 8 1901
13 2 8 1901
14 3 8 1901
15 4 8 1901
16 5 8 1901
17 6 8 1901
18 0 8 1901
19 1 8 1901
20 2 8 1901
21 3 8 1901
22 4 8 1901
23 5 8 1901
24 6 8 1901
25 0 8 1901
26 1 8 1901
27 2 8 1901
28 3 8 1901
29 4 8 1901
30 5 8 1901
31 6 8 1901
1 0 9 1901
2 1 9 1901
3 2 9 1901
4 3 9 1901
5 4 9 1901
6 5 9 1901
7 6 9 1901
8 0 9 1901
9 1 9 1901
10 2 9 1901
11 3 9 1901
12 4 9 1901
13 5 9 1901
14 6 9 1901
15 0 9 1901
16 1 9 1901
17 2 9 1901
18 3 9 1901
19 4 9 1901
20 5 9 1901
21 6 9 1901
22 0 9 1901
23 1 9 1901
24 2 9 1901
25 3 9 1901
26 4 9 1901
27 5 9 1901
28 6 9 1901
29 0 9 1901
30 1 9 1901
1 2 10 1901
2 3 10 1901
3 4 10 1901
4 5 10 1901
5 6 10 1901
6 0 10 1901
7 1 10 1901
8 2 10 1901
9 3 10 1901
10 4 10 1901
11 5 10 1901
12 6 10 1901
13 0 10 1901
14 1 10 1901
15 2 10 1901
16 3 10 1901
17 4 10 1901
18 5 10 1901
19 6 10 1901
20 0 10 1901
21 1 10 1901
22 2 10 1901
23 3 10 1901
24 4 10 1901
25 5 10 1901
26 6 10 1901
27 0 10 1901
28 1 10 1901
29 2 10 1901
30 3 10 1901
31 4 10 1901
1 5 11 1901
2 6 11 1901
3 0 11 1901
4 1 11 1901
5 2 11 1901
6 3 11 1901
7 4 11 1901
8 5 11 1901
9 6 11 1901
10 0 11 1901
11 1 11 1901
12 2 11 1901
13 3 11 1901
14 4 11 1901
15 5 11 1901
16 6 11 1901
17 0 11 1901
18 1 11 1901
19 2 11 1901
20 3 11 1901
21 4 11 1901
22 5 11 1901
23 6 11 1901
24 0 11 1901
25 1 11 1901
26 2 11 1901
27 3 11 1901
28 4 11 1901
29 5 11 1901
30 6 11 1901
1 0 0 1901
2 1 0 1901
3 2 0 1901
4 3 0 1901
5 4 0 1901
6 5 0 1901
7 6 0 1901
8 0 0 1901
9 1 0 1901
10 2 0 1901
11 3 0 1901
12 4 0 1901
13 5 0 1901
14 6 0 1901
15 0 0 1901
16 1 0 1901
17 2 0 1901
18 3 0 1901
19 4 0 1901
20 5 0 1901
21 6 0 1901
22 0 0 1901
23 1 0 1901
24 2 0 1901
25 3 0 1901
26 4 0 1901
27 5 0 1901
28 6 0 1901
29 0 0 1901
30 1 0 1901
31 2 0 1901
1 3 1 1902
2 4 1 1902
3 5 1 1902
4 6 1 1902
5 0 1 1902
6 1 1 1902
7 2 1 1902
8 3 1 1902
9 4 1 1902
10 5 1 1902
11 6 1 1902
12 0 1 1902
13 1 1 1902
14 2 1 1902
15 3 1 1902
16 4 1 1902
17 5 1 1902
18 6 1 1902
19 0 1 1902
20 1 1 1902
21 2 1 1902
22 3 1 1902
23 4 1 1902
24 5 1 1902
25 6 1 1902
26 0 1 1902
27 1 1 1902
28 2 1 1902
29 3 1 1902
30 4 1 1902
31 5 1 1902
1 6 2 1902
2 0 2 1902
3 1 2 1902
4 2 2 1902
5 3 2 1902
6 4 2 1902
7 5 2 1902
8 6 2 1902
9 0 2 1902
10 1 2 1902
11 2 2 1902
12 3 2 1902
13 4 2 1902
14 5 2 1902
15 6 2 1902
16 0 2 1902
17 1 2 1902
18 2 2 1902
19 3 2 1902
20 4 2 1902
21 5 2 1902
22 6 2 1902
23 0 2 1902
24 1 2 1902
25 2 2 1902
26 3 2 1902
27 4 2 1902
28 5 2 1902
1 6 3 1902
2 0 3 1902
3 1 3 1902
4 2 3 1902
5 3 3 1902
6 4 3 1902
7 5 3 1902
8 6 3 1902
9 0 3 1902
10 1 3 1902
11 2 3 1902
12 3 3 1902
13 4 3 1902
14 5 3 1902
15 6 3 1902
16 0 3 1902
17 1 3 1902
18 2 3 1902
19 3 3 1902
20 4 3 1902
21 5 3 1902
22 6 3 1902
23 0 3 1902
24 1 3 1902
25 2 3 1902
26 3 3 1902
27 4 3 1902
28 5 3 1902
29 6 3 1902
30 0 3 1902
31 1 3 1902
1 2 4 1902
2 3 4 1902
3 4 4 1902
4 5 4 1902
5 6 4 1902
6 0 4 1902
7 1 4 1902
8 2 4 1902
9 3 4 1902
10 4 4 1902
11 5 4 1902
12 6 4 1902
13 0 4 1902
14 1 4 1902
15 2 4 1902
16 3 4 1902
17 4 4 1902
18 5 4 1902
19 6 4 1902
20 0 4 1902
21 1 4 1902
22 2 4 1902
23 3 4 1902
24 4 4 1902
25 5 4 1902
26 6 4 1902
27 0 4 1902
28 1 4 1902
29 2 4 1902
30 3 4 1902
1 4 5 1902
2 5 5 1902
3 6 5 1902
4 0 5 1902
5 1 5 1902
6 2 5 1902
7 3 5 1902
8 4 5 1902
9 5 5 1902
10 6 5 1902
11 0 5 1902
12 1 5 1902
13 2 5 1902
14 3 5 1902
15 4 5 1902
16 5 5 1902
17 6 5 1902
18 0 5 1902
19 1 5 1902
20 2 5 1902
21 3 5 1902
22 4 5 1902
23 5 5 1902
24 6 5 1902
25 0 5 1902
26 1 5 1902
27 2 5 1902
28 3 5 1902
29 4 5 1902
30 5 5 1902
31 6 5 1902
1 0 6 1902
2 1 6 1902
3 2 6 1902
4 3 6 1902
5 4 6 1902
6 5 6 1902
7 6 6 1902
8 0 6 1902
9 1 6 1902
10 2 6 1902
11 3 6 1902
12 4 6 1902
13 5 6 1902
14 6 6 1902
15 0 6 1902
16 1 6 1902
17 2 6 1902
18 3 6 1902
19 4 6 1902
20 5 6 1902
21 6 6 1902
22 0 6 1902
23 1 6 1902
24 2 6 1902
25 3 6 1902
26 4 6 1902
27 5 6 1902
28 6 6 1902
29 0 6 1902
30 1 6 1902
1 2 7 1902
2 3 7 1902
3 4 7 1902
4 5 7 1902
5 6 7 1902
6 0 7 1902
7 1 7 1902
8 2 7 1902
9 3 7 1902
10 4 7 1902
11 5 7 1902
12 6 7 1902
13 0 7 1902
14 1 7 1902
15 2 7 1902
16 3 7 1902
17 4 7 1902
18 5 7 1902
19 6 7 1902
20 0 7 1902
21 1 7 1902
22 2 7 1902
23 3 7 1902
24 4 7 1902
25 5 7 1902
26 6 7 1902
27 0 7 1902
28 1 7 1902
29 2 7 1902
30 3 7 1902
31 4 7 1902
1 5 8 1902
2 6 8 1902
3 0 8 1902
4 1 8 1902
5 2 8 1902
6 3 8 1902
7 4 8 1902
8 5 8 1902
9 6 8 1902
10 0 8 1902
11 1 8 1902
12 2 8 1902
13 3 8 1902
14 4 8 1902
15 5 8 1902
16 6 8 1902
17 0 8 1902
18 1 8 1902
19 2 8 1902
20 3 8 1902
21 4 8 1902
22 5 8 1902
23 6 8 1902
24 0 8 1902
25 1 8 1902
26 2 8 1902
27 3 8 1902
28 4 8 1902
29 5 8 1902
30 6 8 1902
31 0 8 1902
1 1 9 1902
2 2 9 1902
3 3 9 1902
4 4 9 1902
5 5 9 1902
6 6 9 1902
7 0 9 1902
8 1 9 1902
9 2 9 1902
10 3 9 1902
11 4 9 1902
12 5 9 1902
13 6 9 1902
14 0 9 1902
15 1 9 1902
16 2 9 1902
17 3 9 1902
18 4 9 1902
19 5 9 1902
20 6 9 1902
21 0 9 1902
22 1 9 1902
23 2 9 1902
24 3 9 1902
25 4 9 1902
26 5 9 1902
27 6 9 1902
28 0 9 1902
29 1 9 1902
30 2 9 1902
1 3 10 1902
2 4 10 1902
3 5 10 1902
4 6 10 1902
5 0 10 1902
6 1 10 1902
7 2 10 1902
8 3 10 1902
9 4 10 1902
10 5 10 1902
11 6 10 1902
12 0 10 1902
13 1 10 1902
14 2 10 1902
15 3 10 1902
16 4 10 1902
17 5 10 1902
18 6 10 1902
19 0 10 1902
20 1 10 1902
21 2 10 1902
22 3 10 1902
23 4 10 1902
24 5 10 1902
25 6 10 1902
26 0 10 1902
27 1 10 1902
28 2 10 1902
29 3 10 1902
30 4 10 1902
31 5 10 1902
1 6 11 1902
2 0 11 1902
3 1 11 1902
4 2 11 1902
5 3 11 1902
6 4 11 1902
7 5 11 1902
8 6 11 1902
9 0 11 1902
10 1 11 1902
11 2 11 1902
12 3 11 1902
13 4 11 1902
14 5 11 1902
15 6 11 1902
16 0 11 1902
17 1 11 1902
18 2 11 1902
19 3 11 1902
20 4 11 1902
21 5 11 1902
22 6 11 1902
23 0 11 1902
24 1 11 1902
25 2 11 1902
26 3 11 1902
27 4 11 1902
28 5 11 1902
29 6 11 1902
30 0 11 1902
1 1 0 1902
2 2 0 1902
3 3 0 1902
4 4 0 1902
5 5 0 1902
6 6 0 1902
7 0 0 1902
8 1 0 1902
9 2 0 1902
10 3 0 1902
11 4 0 1902
12 5 0 1902
13 6 0 1902
14 0 0 1902
15 1 0 1902
16 2 0 1902
17 3 0 1902
18 4 0 1902
19 5 0 1902
20 6 0 1902
21 0 0 1902
22 1 0 1902
23 2 0 1902
24 3 0 1902
25 4 0 1902
26 5 0 1902
27 6 0 1902
28 0 0 1902
29 1 0 1902
30 2 0 1902
31 3 0 1902
1 4 1 1903
2 5 1 1903
3 6 1 1903
4 0 1 1903
5 1 1 1903
6 2 1 1903
7 3 1 1903
8 4 1 1903
9 5 1 1903
10 6 1 1903
11 0 1 1903
12 1 1 1903
13 2 1 1903
14 3 1 1903
15 4 1 1903
16 5 1 1903
17 6 1 1903
18 0 1 1903
19 1 1 1903
20 2 1 1903
21 3 1 1903
22 4 1 1903
23 5 1 1903
24 6 1 1903
25 0 1 1903
26 1 1 1903
27 2 1 1903
28 3 1 1903
29 4 1 1903
30 5 1 1903
31 6 1 1903
1 0 2 1903
2 1 2 1903
3 2 2 1903
4 3 2 1903
5 4 2 1903
6 5 2 1903
7 6 2 1903
8 0 2 1903
9 1 2 1903
10 2 2 1903
11 3 2 1903
12 4 2 1903
13 5 2 1903
14 6 2 1903
15 0 2 1903
16 1 2 1903
17 2 2 1903
18 3 2 1903
19 4 2 1903
20 5 2 1903
21 6 2 1903
22 0 2 1903
23 1 2 1903
24 2 2 1903
25 3 2 1903
26 4 2 1903
27 5 2 1903
28 6 2 1903
1 0 3 1903
2 1 3 1903
3 2 3 1903
4 3 3 1903
5 4 3 1903
6 5 3 1903
7 6 3 1903
8 0 3 1903
9 1 3 1903
10 2 3 1903
11 3 3 1903
12 4 3 1903
13 5 3 1903
14 6 3 1903
15 0 3 1903
16 1 3 1903
17 2 3 1903
18 3 3 1903
19 4 3 1903
20 5 3 1903
21 6 3 1903
22 0 3 1903
23 1 3 1903
24 2 3 1903
25 3 3 1903
26 4 3 1903
27 5 3 1903
28 6 3 1903
29 0 3 1903
30 1 3 1903
31 2 3 1903
1 3 4 1903
2 4 4 1903
3 5 4 1903
4 6 4 1903
5 0 4 1903
6 1 4 1903
7 2 4 1903
8 3 4 1903
9 4 4 1903
10 5 4 1903
11 6 4 1903
12 0 4 1903
13 1 4 1903
14 2 4 1903
15 3 4 1903
16 4 4 1903
17 5 4 1903
18 6 4 1903
19 0 4 1903
20 1 4 1903
21 2 4 1903
22 3 4 1903
23 4 4 1903
24 5 4 1903
25 6 4 1903
26 0 4 1903
27 1 4 1903
28 2 4 1903
29 3 4 1903
30 4 4 1903
1 5 5 1903
2 6 5 1903
3 0 5 1903
4 1 5 1903
5 2 5 1903
6 3 5 1903
7 4 5 1903
8 5 5 1903
9 6 5 1903
10 0 5 1903
11 1 5 1903
12 2 5 1903
13 3 5 1903
14 4 5 1903
15 5 5 1903
16 6 5 1903
17 0 5 1903
18 1 5 1903
19 2 5 1903
20 3 5 1903
21 4 5 1903
22 5 5 1903
23 6 5 1903
24 0 5 1903
25 1 5 1903
26 2 5 1903
27 3 5 1903
28 4 5 1903
29 5 5 1903
30 6 5 1903
31 0 5 1903
1 1 6 1903
2 2 6 1903
3 3 6 1903
4 4 6 1903
5 5 6 1903
6 6 6 1903
7 0 6 1903
8 1 6 1903
9 2 6 1903
10 3 6 1903
11 4 6 1903
12 5 6 1903
13 6 6 1903
14 0 6 1903
15 1 6 1903
16 2 6 1903
17 3 6 1903
18 4 6 1903
19 5 6 1903
20 6 6 1903
21 0 6 1903
22 1 6 1903
23 2 6 1903
24 3 6 1903
25 4 6 1903
26 5 6 1903
27 6 6 1903
28 0 6 1903
29 1 6 1903
30 2 6 1903
1 3 7 1903
2 4 7 1903
3 5 7 1903
4 6 7 1903
5 0 7 1903
6 1 7 1903
7 2 7 1903
8 3 7 1903
9 4 7 1903
10 5 7 1903
11 6 7 1903
12 0 7 1903
13 1 7 1903
14 2 7 1903
15 3 7 1903
16 4 7 1903
17 5 7 1903
18 6 7 1903
19 0 7 1903
20 1 7 1903
21 2 7 1903
22 3 7 1903
23 4 7 1903
24 5 7 1903
25 6 7 1903
26 0 7 1903
27 1 7 1903
28 2 7 1903
29 3 7 1903
30 4 7 1903
31 5 7 1903
1 6 8 1903
2 0 8 1903
3 1 8 1903
4 2 8 1903
5 3 8 1903
6 4 8 1903
7 5 8 1903
8 6 8 1903
9 0 8 1903
10 1 8 1903
11 2 8 1903
12 3 8 1903
13 4 8 1903
14 5 8 1903
15 6 8 1903
16 0 8 1903
17 1 8 1903
18 2 8 1903
19 3 8 1903
20 4 8 1903
21 5 8 1903
22 6 8 1903
23 0 8 1903
24 1 8 1903
25 2 8 1903
26 3 8 1903
27 4 8 1903
28 5 8 1903
29 6 8 1903
30 0 8 1903
31 1 8 1903
1 2 9 1903
2 3 9 1903
3 4 9 1903
4 5 9 1903
5 6 9 1903
6 0 9 1903
7 1 9 1903
8 2 9 1903
9 3 9 1903
10 4 9 1903
11 5 9 1903
12 6 9 1903
13 0 9 1903
14 1 9 1903
15 2 9 1903
16 3 9 1903
17 4 9 1903
18 5 9 1903
19 6 9 1903
20 0 9 1903
21 1 9 1903
22 2 9 1903
23 3 9 1903
24 4 9 1903
25 5 9 1903
26 6 9 1903
27 0 9 1903
28 1 9 1903
29 2 9 1903
30 3 9 1903
1 4 10 1903
2 5 10 1903
3 6 10 1903
4 0 10 1903
5 1 10 1903
6 2 10 1903
7 3 10 1903
8 4 10 1903
9 5 10 1903
10 6 10 1903
11 0 10 1903
12 1 10 1903
13 2 10 1903
14 3 10 1903
15 4 10 1903
16 5 10 1903
17 6 10 1903
18 0 10 1903
19 1 10 1903
20 2 10 1903
21 3 10 1903
22 4 10 1903
23 5 10 1903
24 6 10 1903
25 0 10 1903
26 1 10 1903
27 2 10 1903
28 3 10 1903
29 4 10 1903
30 5 10 1903
31 6 10 1903
1 0 11 1903
2 1 11 1903
3 2 11 1903
4 3 11 1903
5 4 11 1903
6 5 11 1903
7 6 11 1903
8 0 11 1903
9 1 11 1903
10 2 11 1903
11 3 11 1903
12 4 11 1903
13 5 11 1903
14 6 11 1903
15 0 11 1903
16 1 11 1903
17 2 11 1903
18 3 11 1903
19 4 11 1903
20 5 11 1903
21 6 11 1903
22 0 11 1903
23 1 11 1903
24 2 11 1903
25 3 11 1903
26 4 11 1903
27 5 11 1903
28 6 11 1903
29 0 11 1903
30 1 11 1903
1 2 0 1903
2 3 0 1903
3 4 0 1903
4 5 0 1903
5 6 0 1903
6 0 0 1903
7 1 0 1903
8 2 0 1903
9 3 0 1903
10 4 0 1903
11 5 0 1903
12 6 0 1903
13 0 0 1903
14 1 0 1903
15 2 0 1903
16 3 0 1903
17 4 0 1903
18 5 0 1903
19 6 0 1903
20 0 0 1903
21 1 0 1903
22 2 0 1903
23 3 0 1903
24 4 0 1903
25 5 0 1903
26 6 0 1903
27 0 0 1903
28 1 0 1903
29 2 0 1903
30 3 0 1903
31 4 0 1903
1 5 1 1904
2 6 1 1904
3 0 1 1904
4 1 1 1904
5 2 1 1904
6 3 1 1904
7 4 1 1904
8 5 1 1904
9 6 1 1904
10 0 1 1904
11 1 1 1904
12 2 1 1904
13 3 1 1904
14 4 1 1904
15 5 1 1904
16 6 1 1904
17 0 1 1904
18 1 1 1904
19 2 1 1904
20 3 1 1904
21 4 1 1904
22 5 1 1904
23 6 1 1904
24 0 1 1904
25 1 1 1904
26 2 1 1904
27 3 1 1904
28 4 1 1904
29 5 1 1904
30 6 1 1904
31 0 1 1904
1 1 2 1904
2 2 2 1904
3 3 2 1904
4 4 2 1904
5 5 2 1904
6 6 2 1904
7 0 2 1904
8 1 2 1904
9 2 2 1904
10 3 2 1904
11 4 2 1904
12 5 2 1904
13 6 2 1904
14 0 2 1904
15 1 2 1904
16 2 2 1904
17 3 2 1904
18 4 2 1904
19 5 2 1904
20 6 2 1904
21 0 2 1904
22 1 2 1904
23 2 2 1904
24 3 2 1904
25 4 2 1904
26 5 2 1904
27 6 2 1904
28 0 2 1904
29 1 2 1904
1 2 3 1904
2 3 3 1904
3 4 3 1904
4 5 3 1904
5 6 3 1904
6 0 3 1904
7 1 3 1904
8 2 3 1904
9 3 3 1904
10 4 3 1904
11 5 3 1904
12 6 3 1904
13 0 3 1904
14 1 3 1904
15 2 3 1904
16 3 3 1904
17 4 3 1904
18 5 3 1904
19 6 3 1904
20 0 3 1904
21 1 3 1904
22 2 3 1904
23 3 3 1904
24 4 3 1904
25 5 3 1904
26 6 3 1904
27 0 3 1904
28 1 3 1904
29 2 3 1904
30 3 3 1904
31 4 3 1904
1 5 4 1904
2 6 4 1904
3 0 4 1904
4 1 4 1904
5 2 4 1904
6 3 4 1904
7 4 4 1904
8 5 4 1904
9 6 4 1904
10 0 4 1904
11 1 4 1904
12 2 4 1904
13 3 4 1904
14 4 4 1904
15 5 4 1904
16 6 4 1904
17 0 4 1904
18 1 4 1904
19 2 4 1904
20 3 4 1904
21 4 4 1904
22 5 4 1904
23 6 4 1904
24 0 4 1904
25 1 4 1904
26 2 4 1904
27 3 4 1904
28 4 4 1904
29 5 4 1904
30 6 4 1904
1 0 5 1904
2 1 5 1904
3 2 5 1904
4 3 5 1904
5 4 5 1904
6 5 5 1904
7 6 5 1904
8 0 5 1904
9 1 5 1904
10 2 5 1904
11 3 5 1904
12 4 5 1904
13 5 5 1904
14 6 5 1904
15 0 5 1904
16 1 5 1904
17 2 5 1904
18 3 5 1904
19 4 5 1904
20 5 5 1904
21 6 5 1904
22 0 5 1904
23 1 5 1904
24 2 5 1904
25 3 5 1904
26 4 5 1904
27 5 5 1904
28 6 5 1904
29 0 5 1904
30 1 5 1904
31 2 5 1904
1 3 6 1904
2 4 6 1904
3 5 6 1904
4 6 6 1904
5 0 6 1904
6 1 6 1904
7 2 6 1904
8 3 6 1904
9 4 6 1904
10 5 6 1904
11 6 6 1904
12 0 6 1904
13 1 6 1904
14 2 6 1904
15 3 6 1904
16 4 6 1904
17 5 6 1904
18 6 6 1904
19 0 6 1904
20 1 6 1904
21 2 6 1904
22 3 6 1904
23 4 6 1904
24 5 6 1904
25 6 6 1904
26 0 6 1904
27 1 6 1904
28 2 6 1904
29 3 6 1904
30 4 6 1904
1 5 7 1904
2 6 7 1904
3 0 7 1904
4 1 7 1904
5 2 7 1904
6 3 7 1904
7 4 7 1904
8 5 7 1904
9 6 7 1904
10 0 7 1904
11 1 7 1904
12 2 7 1904
13 3 7 1904
14 4 7 1904
15 5 7 1904
16 6 7 1904
17 0 7 1904
18 1 7 1904
19 2 7 1904
20 3 7 1904
21 4 7 1904
22 5 7 1904
23 6 7 1904
24 0 7 1904
25 1 7 1904
26 2 7 1904
27 3 7 1904
28 4 7 1904
29 5 7 1904
30 6 7 1904
31 0 7 1904
1 1 8 1904
2 2 8 1904
3 3 8 1904
4 4 8 1904
5 5 8 1904
6 6 8 1904
7 0 8 1904
8 1 8 1904
9 2 8 1904
10 3 8 1904
11 4 8 1904
12 5 8 1904
13 6 8 1904
14 0 8 1904
15 1 8 1904
16 2 8 1904
17 3 8 1904
18 4 8 1904
19 5 8 1904
20 6 8 1904
21 0 8 1904
22 1 8 1904
23 2 8 1904
24 3 8 1904
25 4 8 1904
26 5 8 1904
27 6 8 1904
28 0 8 1904
29 1 8 1904
30 2 8 1904
31 3 8 1904
1 4 9 1904
2 5 9 1904
3 6 9 1904
4 0 9 1904
5 1 9 1904
6 2 9 1904
7 3 9 1904
8 4 9 1904
9 5 9 1904
10 6 9 1904
11 0 9 1904
12 1 9 1904
13 2 9 1904
14 3 9 1904
15 4 9 1904
16 5 9 1904
17 6 9 1904
18 0 9 1904
19 1 9 1904
20 2 9 1904
21 3 9 1904
22 4 9 1904
23 5 9 1904
24 6 9 1904
25 0 9 1904
26 1 9 1904
27 2 9 1904
28 3 9 1904
29 4 9 1904
30 5 9 1904
1 6 10 1904
2 0 10 1904
3 1 10 1904
4 2 10 1904
5 3 10 1904
6 4 10 1904
7 5 10 1904
8 6 10 1904
9 0 10 1904
10 1 10 1904
11 2 10 1904
12 3 10 1904
13 4 10 1904
14 5 10 1904
15 6 10 1904
16 0 10 1904
17 1 10 1904
18 2 10 1904
19 3 10 1904
20 4 10 1904
21 5 10 1904
22 6 10 1904
23 0 10 1904
24 1 10 1904
25 2 10 1904
26 3 10 1904
27 4 10 1904
28 5 10 1904
29 6 10 1904
30 0 10 1904
31 1 10 1904
1 2 11 1904
2 3 11 1904
3 4 11 1904
4 5 11 1904
5 6 11 1904
6 0 11 1904
7 1 11 1904
8 2 11 1904
9 3 11 1904
10 4 11 1904
11 5 11 1904
12 6 11 1904
13 0 11 1904
14 1 11 1904
15 2 11 1904
16 3 11 1904
17 4 11 1904
18 5 11 1904
19 6 11 1904
20 0 11 1904
21 1 11 1904
22 2 11 1904
23 3 11 1904
24 4 11 1904
25 5 11 1904
26 6 11 1904
27 0 11 1904
28 1 11 1904
29 2 11 1904
30 3 11 1904
1 4 0 1904
2 5 0 1904
3 6 0 1904
4 0 0 1904
5 1 0 1904
6 2 0 1904
7 3 0 1904
8 4 0 1904
9 5 0 1904
10 6 0 1904
11 0 0 1904
12 1 0 1904
13 2 0 1904
14 3 0 1904
15 4 0 1904
16 5 0 1904
17 6 0 1904
18 0 0 1904
19 1 0 1904
20 2 0 1904
21 3 0 1904
22 4 0 1904
23 5 0 1904
24 6 0 1904
25 0 0 1904
26 1 0 1904
27 2 0 1904
28 3 0 1904
29 4 0 1904
30 5 0 1904
31 6 0 1904
1 0 1 1905
2 1 1 1905
3 2 1 1905
4 3 1 1905
5 4 1 1905
6 5 1 1905
7 6 1 1905
8 0 1 1905
9 1 1 1905
10 2 1 1905
11 3 1 1905
12 4 1 1905
13 5 1 1905
14 6 1 1905
15 0 1 1905
16 1 1 1905
17 2 1 1905
18 3 1 1905
19 4 1 1905
20 5 1 1905
21 6 1 1905
22 0 1 1905
23 1 1 1905
24 2 1 1905
25 3 1 1905
26 4 1 1905
27 5 1 1905
28 6 1 1905
29 0 1 1905
30 1 1 1905
31 2 1 1905
1 3 2 1905
2 4 2 1905
3 5 2 1905
4 6 2 1905
5 0 2 1905
6 1 2 1905
7 2 2 1905
8 3 2 1905
9 4 2 1905
10 5 2 1905
11 6 2 1905
12 0 2 1905
13 1 2 1905
14 2 2 1905
15 3 2 1905
16 4 2 1905
17 5 2 1905
18 6 2 1905
19 0 2 1905
20 1 2 1905
21 2 2 1905
22 3 2 1905
23 4 2 1905
24 5 2 1905
25 6 2 1905
26 0 2 1905
27 1 2 1905
28 2 2 1905
1 3 3 1905
2 4 3 1905
3 5 3 1905
4 6 3 1905
5 0 3 1905
6 1 3 1905
7 2 3 1905
8 3 3 1905
9 4 3 1905
10 5 3 1905
11 6 3 1905
12 0 3 1905
13 1 3 1905
14 2 3 1905
15 3 3 1905
16 4 3 1905
17 5 3 1905
18 6 3 1905
19 0 3 1905
20 1 3 1905
21 2 3 1905
22 3 3 1905
23 4 3 1905
24 5 3 1905
25 6 3 1905
26 0 3 1905
27 1 3 1905
28 2 3 1905
29 3 3 1905
30 4 3 1905
31 5 3 1905
1 6 4 1905
2 0 4 1905
3 1 4 1905
4 2 4 1905
5 3 4 1905
6 4 4 1905
7 5 4 1905
8 6 4 1905
9 0 4 1905
10 1 4 1905
11 2 4 1905
12 3 4 1905
13 4 4 1905
14 5 4 1905
15 6 4 1905
16 0 4 1905
17 1 4 1905
18 2 4 1905
19 3 4 1905
20 4 4 1905
21 5 4 1905
22 6 4 1905
23 0 4 1905
24 1 4 1905
25 2 4 1905
26 3 4 1905
27 4 4 1905
28 5 4 1905
29 6 4 1905
30 0 4 1905
1 1 5 1905
2 2 5 1905
3 3 5 1905
4 4 5 1905
5 5 5 1905
6 6 5 1905
7 0 5 1905
8 1 5 1905
9 2 5 1905
10 3 5 1905
11 4 5 1905
12 5 5 1905
13 6 5 1905
14 0 5 1905
15 1 5 1905
16 2 5 1905
17 3 5 1905
18 4 5 1905
19 5 5 1905
20 6 5 1905
21 0 5 1905
22 1 5 1905
23 2 5 1905
24 3 5 1905
25 4 5 1905
26 5 5 1905
27 6 5 1905
28 0 5 1905
29 1 5 1905
30 2 5 1905
31 3 5 1905
1 4 6 1905
2 5 6 1905
3 6 6 1905
4 0 6 1905
5 1 6 1905
6 2 6 1905
7 3 6 1905
8 4 6 1905
9 5 6 1905
10 6 6 1905
11 0 6 1905
12 1 6 1905
13 2 6 1905
14 3 6 1905
15 4 6 1905
16 5 6 1905
17 6 6 1905
18 0 6 1905
19 1 6 1905
20 2 6 1905
21 3 6 1905
22 4 6 1905
23 5 6 1905
24 6 6 1905
25 0 6 1905
26 1 6 1905
27 2 6 1905
28 3 6 1905
29 4 6 1905
30 5 6 1905
1 6 7 1905
2 0 7 1905
3 1 7 1905
4 2 7 1905
5 3 7 1905
6 4 7 1905
7 5 7 1905
8 6 7 1905
9 0 7 1905
10 1 7 1905
11 2 7 1905
12 3 7 1905
13 4 7 1905
14 5 7 1905
15 6 7 1905
16 0 7 1905
17 1 7 1905
18 2 7 1905
19 3 7 1905
20 4 7 1905
21 5 7 1905
22 6 7 1905
23 0 7 1905
24 1 7 1905
25 2 7 1905
26 3 7 1905
27 4 7 1905
28 5 7 1905
29 6 7 1905
30 0 7 1905
31 1 7 1905
1 2 8 1905
2 3 8 1905
3 4 8 1905
4 5 8 1905
5 6 8 1905
6 0 8 1905
7 1 8 1905
8 2 8 1905
9 3 8 1905
10 4 8 1905
11 5 8 1905
12 6 8 1905
13 0 8 1905
14 1 8 1905
15 2 8 1905
16 3 8 1905
17 4 8 1905
18 5 8 1905
19 6 8 1905
20 0 8 1905
21 1 8 1905
22 2 8 1905
23 3 8 1905
24 4 8 1905
25 5 8 1905
26 6 8 1905
27 0 8 1905
28 1 8 1905
29 2 8 1905
30 3 8 1905
31 4 8 1905
1 5 9 1905
2 6 9 1905
3 0 9 1905
4 1 9 1905
5 2 9 1905
6 3 9 1905
7 4 9 1905
8 5 9 1905
9 6 9 1905
10 0 9 1905
11 1 9 1905
12 2 9 1905
13 3 9 1905
14 4 9 1905
15 5 9 1905
16 6 9 1905
17 0 9 1905
18 1 9 1905
19 2 9 1905
20 3 9 1905
21 4 9 1905
22 5 9 1905
23 6 9 1905
24 0 9 1905
25 1 9 1905
26 2 9 1905
27 3 9 1905
28 4 9 1905
29 5 9 1905
30 6 9 1905
1 0 10 1905
2 1 10 1905
3 2 10 1905
4 3 10 1905
5 4 10 1905
6 5 10 1905
7 6 10 1905
8 0 10 1905
9 1 10 1905
10 2 10 1905
11 3 10 1905
12 4 10 1905
13 5 10 1905
14 6 10 1905
15 0 10 1905
16 1 10 1905
17 2 10 1905
18 3 10 1905
19 4 10 1905
20 5 10 1905
21 6 10 1905
22 0 10 1905
23 1 10 1905
24 2 10 1905
25 3 10 1905
26 4 10 1905
27 5 10 1905
28 6 10 1905
29 0 10 1905
30 1 10 1905
31 2 10 1905
1 3 11 1905
2 4 11 1905
3 5 11 1905
4 6 11 1905
5 0 11 1905
6 1 11 1905
7 2 11 1905
8 3 11 1905
9 4 11 1905
10 5 11 1905
11 6 11 1905
12 0 11 1905
13 1 11 1905
14 2 11 1905
15 3 11 1905
16 4 11 1905
17 5 11 1905
18 6 11 1905
19 0 11 1905
20 1 11 1905
21 2 11 1905
22 3 11 1905
23 4 11 1905
24 5 11 1905
25 6 11 1905
26 0 11 1905
27 1 11 1905
28 2 11 1905
29 3 11 1905
30 4 11 1905
1 5 0 1905
2 6 0 1905
3 0 0 1905
4 1 0 1905
5 2 0 1905
6 3 0 1905
7 4 0 1905
8 5 0 1905
9 6 0 1905
10 0 0 1905
11 1 0 1905
12 2 0 1905
13 3 0 1905
14 4 0 1905
15 5 0 1905
16 6 0 1905
17 0 0 1905
18 1 0 1905
19 2 0 1905
20 3 0 1905
21 4 0 1905
22 5 0 1905
23 6 0 1905
24 0 0 1905
25 1 0 1905
26 2 0 1905
27 3 0 1905
28 4 0 1905
29 5 0 1905
30 6 0 1905
31 0 0 1905
1 1 1 1906
2 2 1 1906
3 3 1 1906
4 4 1 1906
5 5 1 1906
6 6 1 1906
7 0 1 1906
8 1 1 1906
9 2 1 1906
10 3 1 1906
11 4 1 1906
12 5 1 1906
13 6 1 1906
14 0 1 1906
15 1 1 1906
16 2 1 1906
17 3 1 1906
18 4 1 1906
19 5 1 1906
20 6 1 1906
21 0 1 1906
22 1 1 1906
23 2 1 1906
24 3 1 1906
25 4 1 1906
26 5 1 1906
27 6 1 1906
28 0 1 1906
29 1 1 1906
30 2 1 1906
31 3 1 1906
1 4 2 1906
2 5 2 1906
3 6 2 1906
4 0 2 1906
5 1 2 1906
6 2 2 1906
7 3 2 1906
8 4 2 1906
9 5 2 1906
10 6 2 1906
11 0 2 1906
12 1 2 1906
13 2 2 1906
14 3 2 1906
15 4 2 1906
16 5 2 1906
17 6 2 1906
18 0 2 1906
19 1 2 1906
20 2 2 1906
21 3 2 1906
22 4 2 1906
23 5 2 1906
24 6 2 1906
25 0 2 1906
26 1 2 1906
27 2 2 1906
28 3 2 1906
1 4 3 1906
2 5 3 1906
3 6 3 1906
4 0 3 1906
5 1 3 1906
6 2 3 1906
7 3 3 1906
8 4 3 1906
9 5 3 1906
10 6 3 1906
11 0 3 1906
12 1 3 1906
13 2 3 1906
14 3 3 1906
15 4 3 1906
16 5 3 1906
17 6 3 1906
18 0 3 1906
19 1 3 1906
20 2 3 1906
21 3 3 1906
22 4 3 1906
23 5 3 1906
24 6 3 1906
25 0 3 1906
26 1 3 1906
27 2 3 1906
28 3 3 1906
29 4 3 1906
30 5 3 1906
31 6 3 1906
1 0 4 1906
2 1 4 1906
3 2 4 1906
4 3 4 1906
5 4 4 1906
6 5 4 1906
7 6 4 1906
8 0 4 1906
9 1 4 1906
10 2 4 1906
11 3 4 1906
12 4 4 1906
13 5 4 1906
14 6 4 1906
15 0 4 1906
16 1 4 1906
17 2 4 1906
18 3 4 1906
19 4 4 1906
20 5 4 1906
21 6 4 1906
22 0 4 1906
23 1 4 1906
24 2 4 1906
25 3 4 1906
26 4 4 1906
27 5 4 1906
28 6 4 1906
29 0 4 1906
30 1 4 1906
1 2 5 1906
2 3 5 1906
3 4 5 1906
4 5 5 1906
5 6 5 1906
6 0 5 1906
7 1 5 1906
8 2 5 1906
9 3 5 1906
10 4 5 1906
11 5 5 1906
12 6 5 1906
13 0 5 1906
14 1 5 1906
15 2 5 1906
16 3 5 1906
17 4 5 1906
18 5 5 1906
19 6 5 1906
20 0 5 1906
21 1 5 1906
22 2 5 1906
23 3 5 1906
24 4 5 1906
25 5 5 1906
26 6 5 1906
27 0 5 1906
28 1 5 1906
29 2 5 1906
30 3 5 1906
31 4 5 1906
1 5 6 1906
2 6 6 1906
3 0 6 1906
4 1 6 1906
5 2 6 1906
6 3 6 1906
7 4 6 1906
8 5 6 1906
9 6 6 1906
10 0 6 1906
11 1 6 1906
12 2 6 1906
13 3 6 1906
14 4 6 1906
15 5 6 1906
16 6 6 1906
17 0 6 1906
18 1 6 1906
19 2 6 1906
20 3 6 1906
21 4 6 1906
22 5 6 1906
23 6 6 1906
24 0 6 1906
25 1 6 1906
26 2 6 1906
27 3 6 1906
28 4 6 1906
29 5 6 1906
30 6 6 1906
1 0 7 1906
2 1 7 1906
3 2 7 1906
4 3 7 1906
5 4 7 1906
6 5 7 1906
7 6 7 1906
8 0 7 1906
9 1 7 1906
10 2 7 1906
11 3 7 1906
12 4 7 1906
13 5 7 1906
14 6 7 1906
15 0 7 1906
16 1 7 1906
17 2 7 1906
18 3 7 1906
19 4 7 1906
20 5 7 1906
21 6 7 1906
22 0 7 1906
23 1 7 1906
24 2 7 1906
25 3 7 1906
26 4 7 1906
27 5 7 1906
28 6 7 1906
29 0 7 1906
30 1 7 1906
31 2 7 1906
1 3 8 1906
2 4 8 1906
3 5 8 1906
4 6 8 1906
5 0 8 1906
6 1 8 1906
7 2 8 1906
8 3 8 1906
9 4 8 1906
10 5 8 1906
11 6 8 1906
12 0 8 1906
13 1 8 1906
14 2 8 1906
15 3 8 1906
16 4 8 1906
17 5 8 1906
18 6 8 1906
19 0 8 1906
20 1 8 1906
21 2 8 1906
22 3 8 1906
23 4 8 1906
24 5 8 1906
25 6 8 1906
26 0 8 1906
27 1 8 1906
28 2 8 1906
29 3 8 1906
30 4 8 1906
31 5 8 1906
1 6 9 1906
2 0 9 1906
3 1 9 1906
4 2 9 1906
5 3 9 1906
6 4 9 1906
7 5 9 1906
8 6 9 1906
9 0 9 1906
10 1 9 1906
11 2 9 1906
12 3 9 1906
13 4 9 1906
14 5 9 1906
15 6 9 1906
16 0 9 1906
17 1 9 1906
18 2 9 1906
19 3 9 1906
20 4 9 1906
21 5 9 1906
22 6 9 1906
23 0 9 1906
24 1 9 1906
25 2 9 1906
26 3 9 1906
27 4 9 1906
28 5 9 1906
29 6 9 1906
30 0 9 1906
1 1 10 1906
2 2 10 1906
3 3 10 1906
4 4 10 1906
5 5 10 1906
6 6 10 1906
7 0 10 1906
8 1 10 1906
9 2 10 1906
10 3 10 1906
11 4 10 1906
12 5 10 1906
13 6 10 1906
14 0 10 1906
15 1 10 1906
16 2 10 1906
17 3 10 1906
18 4 10 1906
19 5 10 1906
20 6 10 1906
21 0 10 1906
22 1 10 1906
23 2 10 1906
24 3 10 1906
25 4 10 1906
26 5 10 1906
27 6 10 1906
28 0 10 1906
29 1 10 1906
30 2 10 1906
31 3 10 1906
1 4 11 1906
2 5 11 1906
3 6 11 1906
4 0 11 1906
5 1 11 1906
6 2 11 1906
7 3 11 1906
8 4 11 1906
9 5 11 1906
10 6 11 1906
11 0 11 1906
12 1 11 1906
13 2 11 1906
14 3 11 1906
15 4 11 1906
16 5 11 1906
17 6 11 1906
18 0 11 1906
19 1 11 1906
20 2 11 1906
21 3 11 1906
22 4 11 1906
23 5 11 1906
24 6 11 1906
25 0 11 1906
26 1 11 1906
27 2 11 1906
28 3 11 1906
29 4 11 1906
30 5 11 1906
1 6 0 1906
2 0 0 1906
3 1 0 1906
4 2 0 1906
5 3 0 1906
6 4 0 1906
7 5 0 1906
8 6 0 1906
9 0 0 1906
10 1 0 1906
11 2 0 1906
12 3 0 1906
13 4 0 1906
14 5 0 1906
15 6 0 1906
16 0 0 1906
17 1 0 1906
18 2 0 1906
19 3 0 1906
20 4 0 1906
21 5 0 1906
22 6 0 1906
23 0 0 1906
24 1 0 1906
25 2 0 1906
26 3 0 1906
27 4 0 1906
28 5 0 1906
29 6 0 1906
30 0 0 1906
31 1 0 1906
1 2 1 1907
2 3 1 1907
3 4 1 1907
4 5 1 1907
5 6 1 1907
6 0 1 1907
7 1 1 1907
8 2 1 1907
9 3 1 1907
10 4 1 1907
11 5 1 1907
12 6 1 1907
13 0 1 1907
14 1 1 1907
15 2 1 1907
16 3 1 1907
17 4 1 1907
18 5 1 1907
19 6 1 1907
20 0 1 1907
21 1 1 1907
22 2 1 1907
23 3 1 1907
24 4 1 1907
25 5 1 1907
26 6 1 1907
27 0 1 1907
28 1 1 1907
29 2 1 1907
30 3 1 1907
31 4 1 1907
1 5 2 1907
2 6 2 1907
3 0 2 1907
4 1 2 1907
5 2 2 1907
6 3 2 1907
7 4 2 1907
8 5 2 1907
9 6 2 1907
10 0 2 1907
11 1 2 1907
12 2 2 1907
13 3 2 1907
14 4 2 1907
15 5 2 1907
16 6 2 1907
17 0 2 1907
18 1 2 1907
19 2 2 1907
20 3 2 1907
21 4 2 1907
22 5 2 1907
23 6 2 1907
24 0 2 1907
25 1 2 1907
26 2 2 1907
27 3 2 1907
28 4 2 1907
1 5 3 1907
2 6 3 1907
3 0 3 1907
4 1 3 1907
5 2 3 1907
6 3 3 1907
7 4 3 1907
8 5 3 1907
9 6 3 1907
10 0 3 1907
11 1 3 1907
12 2 3 1907
13 3 3 1907
14 4 3 1907
15 5 3 1907
16 6 3 1907
17 0 3 1907
18 1 3 1907
19 2 3 1907
20 3 3 1907
21 4 3 1907
22 5 3 1907
23 6 3 1907
24 0 3 1907
25 1 3 1907
26 2 3 1907
27 3 3 1907
28 4 3 1907
29 5 3 1907
30 6 3 1907
31 0 3 1907
1 1 4 1907
2 2 4 1907
3 3 4 1907
4 4 4 1907
5 5 4 1907
6 6 4 1907
7 0 4 1907
8 1 4 1907
9 2 4 1907
10 3 4 1907
11 4 4 1907
12 5 4 1907
13 6 4 1907
14 0 4 1907
15 1 4 1907
16 2 4 1907
17 3 4 1907
18 4 4 1907
19 5 4 1907
20 6 4 1907
21 0 4 1907
22 1 4 1907
23 2 4 1907
24 3 4 1907
25 4 4 1907
26 5 4 1907
27 6 4 1907
28 0 4 1907
29 1 4 1907
30 2 4 1907
1 3 5 1907
2 4 5 1907
3 5 5 1907
4 6 5 1907
5 0 5 1907
6 1 5 1907
7 2 5 1907
8 3 5 1907
9 4 5 1907
10 5 5 1907
11 6 5 1907
12 0 5 1907
13 1 5 1907
14 2 5 1907
15 3 5 1907
16 4 5 1907
17 5 5 1907
18 6 5 1907
19 0 5 1907
20 1 5 1907
21 2 5 1907
22 3 5 1907
23 4 5 1907
24 5 5 1907
25 6 5 1907
26 0 5 1907
27 1 5 1907
28 2 5 1907
29 3 5 1907
30 4 5 1907
31 5 5 1907
1 6 6 1907
2 0 6 1907
3 1 6 1907
4 2 6 1907
5 3 6 1907
6 4 6 1907
7 5 6 1907
8 6 6 1907
9 0 6 1907
10 1 6 1907
11 2 6 1907
12 3 6 1907
13 4 6 1907
14 5 6 1907
15 6 6 1907
16 0 6 1907
17 1 6 1907
18 2 6 1907
19 3 6 1907
20 4 6 1907
21 5 6 1907
22 6 6 1907
23 0 6 1907
24 1 6 1907
25 2 6 1907
26 3 6 1907
27 4 6 1907
28 5 6 1907
29 6 6 1907
30 0 6 1907
1 1 7 1907
2 2 7 1907
3 3 7 1907
4 4 7 1907
5 5 7 1907
6 6 7 1907
7 0 7 1907
8 1 7 1907
9 2 7 1907
10 3 7 1907
11 4 7 1907
12 5 7 1907
13 6 7 1907
14 0 7 1907
15 1 7 1907
16 2 7 1907
17 3 7 1907
18 4 7 1907
19 5 7 1907
20 6 7 1907
21 0 7 1907
22 1 7 1907
23 2 7 1907
24 3 7 1907
25 4 7 1907
26 5 7 1907
27 6 7 1907
28 0 7 1907
29 1 7 1907
30 2 7 1907
31 3 7 1907
1 4 8 1907
2 5 8 1907
3 6 8 1907
4 0 8 1907
5 1 8 1907
6 2 8 1907
7 3 8 1907
8 4 8 1907
9 5 8 1907
10 6 8 1907
11 0 8 1907
12 1 8 1907
13 2 8 1907
14 3 8 1907
15 4 8 1907
16 5 8 1907
17 6 8 1907
18 0 8 1907
19 1 8 1907
20 2 8 1907
21 3 8 1907
22 4 8 1907
23 5 8 1907
24 6 8 1907
25 0 8 1907
26 1 8 1907
27 2 8 1907
28 3 8 1907
29 4 8 1907
30 5 8 1907
31 6 8 1907
1 0 9 1907
2 1 9 1907
3 2 9 1907
4 3 9 1907
5 4 9 1907
6 5 9 1907
7 6 9 1907
8 0 9 1907
9 1 9 1907
10 2 9 1907
11 3 9 1907
12 4 9 1907
13 5 9 1907
14 6 9 1907
15 0 9 1907
16 1 9 1907
17 2 9 1907
18 3 9 1907
19 4 9 1907
20 5 9 1907
21 6 9 1907
22 0 9 1907
23 1 9 1907
24 2 9 1907
25 3 9 1907
26 4 9 1907
27 5 9 1907
28 6 9 1907
29 0 9 1907
30 1 9 1907
1 2 10 1907
2 3 10 1907
3 4 10 1907
4 5 10 1907
5 6 10 1907
6 0 10 1907
7 1 10 1907
8 2 10 1907
9 3 10 1907
10 4 10 1907
11 5 10 1907
12 6 10 1907
13 0 10 1907
14 1 10 1907
15 2 10 1907
16 3 10 1907
17 4 10 1907
18 5 10 1907
19 6 10 1907
20 0 10 1907
21 1 10 1907
22 2 10 1907
23 3 10 1907
24 4 10 1907
25 5 10 1907
26 6 10 1907
27 0 10 1907
28 1 10 1907
29 2 10 1907
30 3 10 1907
31 4 10 1907
1 5 11 1907
2 6 11 1907
3 0 11 1907
4 1 11 1907
5 2 11 1907
6 3 11 1907
7 4 11 1907
8 5 11 1907
9 6 11 1907
10 0 11 1907
11 1 11 1907
12 2 11 1907
13 3 11 1907
14 4 11 1907
15 5 11 1907
16 6 11 1907
17 0 11 1907
18 1 11 1907
19 2 11 1907
20 3 11 1907
21 4 11 1907
22 5 11 1907
23 6 11 1907
24 0 11 1907
25 1 11 1907
26 2 11 1907
27 3 11 1907
28 4 11 1907
29 5 11 1907
30 6 11 1907
1 0 0 1907
2 1 0 1907
3 2 0 1907
4 3 0 1907
5 4 0 1907
6 5 0 1907
7 6 0 1907
8 0 0 1907
9 1 0 1907
10 2 0 1907
11 3 0 1907
12 4 0 1907
13 5 0 1907
14 6 0 1907
15 0 0 1907
16 1 0 1907
17 2 0 1907
18 3 0 1907
19 4 0 1907
20 5 0 1907
21 6 0 1907
22 0 0 1907
23 1 0 1907
24 2 0 1907
25 3 0 1907
26 4 0 1907
27 5 0 1907
28 6 0 1907
29 0 0 1907
30 1 0 1907
31 2 0 1907
1 3 1 1908
2 4 1 1908
3 5 1 1908
4 6 1 1908
5 0 1 1908
6 1 1 1908
7 2 1 1908
8 3 1 1908
9 4 1 1908
10 5 1 1908
11 6 1 1908
12 0 1 1908
13 1 1 1908
14 2 1 1908
15 3 1 1908
16 4 1 1908
17 5 1 1908
18 6 1 1908
19 0 1 1908
20 1 1 1908
21 2 1 1908
22 3 1 1908
23 4 1 1908
24 5 1 1908
25 6 1 1908
26 0 1 1908
27 1 1 1908
28 2 1 1908
29 3 1 1908
30 4 1 1908
31 5 1 1908
1 6 2 1908
2 0 2 1908
3 1 2 1908
4 2 2 1908
5 3 2 1908
6 4 2 1908
7 5 2 1908
8 6 2 1908
9 0 2 1908
10 1 2 1908
11 2 2 1908
12 3 2 1908
13 4 2 1908
14 5 2 1908
15 6 2 1908
16 0 2 1908
17 1 2 1908
18 2 2 1908
19 3 2 1908
20 4 2 1908
21 5 2 1908
22 6 2 1908
23 0 2 1908
24 1 2 1908
25 2 2 1908
26 3 2 1908
27 4 2 1908
28 5 2 1908
29 6 2 1908
1 0 3 1908
2 1 3 1908
3 2 3 1908
4 3 3 1908
5 4 3 1908
6 5 3 1908
7 6 3 1908
8 0 3 1908
9 1 3 1908
10 2 3 1908
11 3 3 1908
12 4 3 1908
13 5 3 1908
14 6 3 1908
15 0 3 1908
16 1 3 1908
17 2 3 1908
18 3 3 1908
19 4 3 1908
20 5 3 1908
21 6 3 1908
22 0 3 1908
23 1 3 1908
24 2 3 1908
25 3 3 1908
26 4 3 1908
27 5 3 1908
28 6 3 1908
29 0 3 1908
30 1 3 1908
31 2 3 1908
1 3 4 1908
2 4 4 1908
3 5 4 1908
4 6 4 1908
5 0 4 1908
6 1 4 1908
7 2 4 1908
8 3 4 1908
9 4 4 1908
10 5 4 1908
11 6 4 1908
12 0 4 1908
13 1 4 1908
14 2 4 1908
15 3 4 1908
16 4 4 1908
17 5 4 1908
18 6 4 1908
19 0 4 1908
20 1 4 1908
21 2 4 1908
22 3 4 1908
23 4 4 1908
24 5 4 1908
25 6 4 1908
26 0 4 1908
27 1 4 1908
28 2 4 1908
29 3 4 1908
30 4 4 1908
1 5 5 1908
2 6 5 1908
3 0 5 1908
4 1 5 1908
5 2 5 1908
6 3 5 1908
7 4 5 1908
8 5 5 1908
9 6 5 1908
10 0 5 1908
11 1 5 1908
12 2 5 1908
13 3 5 1908
14 4 5 1908
15 5 5 1908
16 6 5 1908
17 0 5 1908
18 1 5 1908
19 2 5 1908
20 3 5 1908
21 4 5 1908
22 5 5 1908
23 6 5 1908
24 0 5 1908
25 1 5 1908
26 2 5 1908
27 3 5 1908
28 4 5 1908
29 5 5 1908
30 6 5 1908
31 0 5 1908
1 1 6 1908
2 2 6 1908
3 3 6 1908
4 4 6 1908
5 5 6 1908
6 6 6 1908
7 0 6 1908
8 1 6 1908
9 2 6 1908
10 3 6 1908
11 4 6 1908
12 5 6 1908
13 6 6 1908
14 0 6 1908
15 1 6 1908
16 2 6 1908
17 3 6 1908
18 4 6 1908
19 5 6 1908
20 6 6 1908
21 0 6 1908
22 1 6 1908
23 2 6 1908
24 3 6 1908
25 4 6 1908
26 5 6 1908
27 6 6 1908
28 0 6 1908
29 1 6 1908
30 2 6 1908
1 3 7 1908
2 4 7 1908
3 5 7 1908
4 6 7 1908
5 0 7 1908
6 1 7 1908
7 2 7 1908
8 3 7 1908
9 4 7 1908
10 5 7 1908
11 6 7 1908
12 0 7 1908
13 1 7 1908
14 2 7 1908
15 3 7 1908
16 4 7 1908
17 5 7 1908
18 6 7 1908
19 0 7 1908
20 1 7 1908
21 2 7 1908
22 3 7 1908
23 4 7 1908
24 5 7 1908
25 6 7 1908
26 0 7 1908
27 1 7 1908
28 2 7 1908
29 3 7 1908
30 4 7 1908
31 5 7 1908
1 6 8 1908
2 0 8 1908
3 1 8 1908
4 2 8 1908
5 3 8 1908
6 4 8 1908
7 5 8 1908
8 6 8 1908
9 0 8 1908
10 1 8 1908
11 2 8 1908
12 3 8 1908
13 4 8 1908
14 5 8 1908
15 6 8 1908
16 0 8 1908
17 1 8 1908
18 2 8 1908
19 3 8 1908
20 4 8 1908
21 5 8 1908
22 6 8 1908
23 0 8 1908
24 1 8 1908
25 2 8 1908
26 3 8 1908
27 4 8 1908
28 5 8 1908
29 6 8 1908
30 0 8 1908
31 1 8 1908
1 2 9 1908
2 3 9 1908
3 4 9 1908
4 5 9 1908
5 6 9 1908
6 0 9 1908
7 1 9 1908
8 2 9 1908
9 3 9 1908
10 4 9 1908
11 5 9 1908
12 6 9 1908
13 0 9 1908
14 1 9 1908
15 2 9 1908
16 3 9 1908
17 4 9 1908
18 5 9 1908
19 6 9 1908
20 0 9 1908
21 1 9 1908
22 2 9 1908
23 3 9 1908
24 4 9 1908
25 5 9 1908
26 6 9 1908
27 0 9 1908
28 1 9 1908
29 2 9 1908
30 3 9 1908
1 4 10 1908
2 5 10 1908
3 6 10 1908
4 0 10 1908
5 1 10 1908
6 2 10 1908
7 3 10 1908
8 4 10 1908
9 5 10 1908
10 6 10 1908
11 0 10 1908
12 1 10 1908
13 2 10 1908
14 3 10 1908
15 4 10 1908
16 5 10 1908
17 6 10 1908
18 0 10 1908
19 1 10 1908
20 2 10 1908
21 3 10 1908
22 4 10 1908
23 5 10 1908
24 6 10 1908
25 0 10 1908
26 1 10 1908
27 2 10 1908
28 3 10 1908
29 4 10 1908
30 5 10 1908
31 6 10 1908
1 0 11 1908
2 1 11 1908
3 2 11 1908
4 3 11 1908
5 4 11 1908
6 5 11 1908
7 6 11 1908
8 0 11 1908
9 1 11 1908
10 2 11 1908
11 3 11 1908
12 4 11 1908
13 5 11 1908
14 6 11 1908
15 0 11 1908
16 1 11 1908
17 2 11 1908
18 3 11 1908
19 4 11 1908
20 5 11 1908
21 6 11 1908
22 0 11 1908
23 1 11 1908
24 2 11 1908
25 3 11 1908
26 4 11 1908
27 5 11 1908
28 6 11 1908
29 0 11 1908
30 1 11 1908
1 2 0 1908
2 3 0 1908
3 4 0 1908
4 5 0 1908
5 6 0 1908
6 0 0 1908
7 1 0 1908
8 2 0 1908
9 3 0 1908
10 4 0 1908
11 5 0 1908
12 6 0 1908
13 0 0 1908
14 1 0 1908
15 2 0 1908
16 3 0 1908
17 4 0 1908
18 5 0 1908
19 6 0 1908
20 0 0 1908
21 1 0 1908
22 2 0 1908
23 3 0 1908
24 4 0 1908
25 5 0 1908
26 6 0 1908
27 0 0 1908
28 1 0 1908
29 2 0 1908
30 3 0 1908
31 4 0 1908
1 5 1 1909
2 6 1 1909
3 0 1 1909
4 1 1 1909
5 2 1 1909
6 3 1 1909
7 4 1 1909
8 5 1 1909
9 6 1 1909
10 0 1 1909
11 1 1 1909
12 2 1 1909
13 3 1 1909
14 4 1 1909
15 5 1 1909
16 6 1 1909
17 0 1 1909
18 1 1 1909
19 2 1 1909
20 3 1 1909
21 4 1 1909
22 5 1 1909
23 6 1 1909
24 0 1 1909
25 1 1 1909
26 2 1 1909
27 3 1 1909
28 4 1 1909
29 5 1 1909
30 6 1 1909
31 0 1 1909
1 1 2 1909
2 2 2 1909
3 3 2 1909
4 4 2 1909
5 5 2 1909
6 6 2 1909
7 0 2 1909
8 1 2 1909
9 2 2 1909
10 3 2 1909
11 4 2 1909
12 5 2 1909
13 6 2 1909
14 0 2 1909
15 1 2 1909
16 2 2 1909
17 3 2 1909
18 4 2 1909
19 5 2 1909
20 6 2 1909
21 0 2 1909
22 1 2 1909
23 2 2 1909
24 3 2 1909
25 4 2 1909
26 5 2 1909
27 6 2 1909
28 0 2 1909
1 1 3 1909
2 2 3 1909
3 3 3 1909
4 4 3 1909
5 5 3 1909
6 6 3 1909
7 0 3 1909
8 1 3 1909
9 2 3 1909
10 3 3 1909
11 4 3 1909
12 5 3 1909
13 6 3 1909
14 0 3 1909
15 1 3 1909
16 2 3 1909
17 3 3 1909
18 4 3 1909
19 5 3 1909
20 6 3 1909
21 0 3 1909
22 1 3 1909
23 2 3 1909
24 3 3 1909
25 4 3 1909
26 5 3 1909
27 6 3 1909
28 0 3 1909
29 1 3 1909
30 2 3 1909
31 3 3 1909
1 4 4 1909
2 5 4 1909
3 6 4 1909
4 0 4 1909
5 1 4 1909
6 2 4 1909
7 3 4 1909
8 4 4 1909
9 5 4 1909
10 6 4 1909
11 0 4 1909
12 1 4 1909
13 2 4 1909
14 3 4 1909
15 4 4 1909
16 5 4 1909
17 6 4 1909
18 0 4 1909
19 1 4 1909
20 2 4 1909
21 3 4 1909
22 4 4 1909
23 5 4 1909
24 6 4 1909
25 0 4 1909
26 1 4 1909
27 2 4 1909
28 3 4 1909
29 4 4 1909
30 5 4 1909
1 6 5 1909
2 0 5 1909
3 1 5 1909
4 2 5 1909
5 3 5 1909
6 4 5 1909
7 5 5 1909
8 6 5 1909
9 0 5 1909
10 1 5 1909
11 2 5 1909
12 3 5 1909
13 4 5 1909
14 5 5 1909
15 6 5 1909
16 0 5 1909
17 1 5 1909
18 2 5 1909
19 3 5 1909
20 4 5 1909
21 5 5 1909
22 6 5 1909
23 0 5 1909
24 1 5 1909
25 2 5 1909
26 3 5 1909
27 4 5 1909
28 5 5 1909
29 6 5 1909
30 0 5 1909
31 1 5 1909
1 2 6 1909
2 3 6 1909
3 4 6 1909
4 5 6 1909
5 6 6 1909
6 0 6 1909
7 1 6 1909
8 2 6 1909
9 3 6 1909
10 4 6 1909
11 5 6 1909
12 6 6 1909
13 0 6 1909
14 1 6 1909
15 2 6 1909
16 3 6 1909
17 4 6 1909
18 5 6 1909
19 6 6 1909
20 0 6 1909
21 1 6 1909
22 2 6 1909
23 3 6 1909
24 4 6 1909
25 5 6 1909
26 6 6 1909
27 0 6 1909
28 1 6 1909
29 2 6 1909
30 3 6 1909
1 4 7 1909
2 5 7 1909
3 6 7 1909
4 0 7 1909
5 1 7 1909
6 2 7 1909
7 3 7 1909
8 4 7 1909
9 5 7 1909
10 6 7 1909
11 0 7 1909
12 1 7 1909
13 2 7 1909
14 3 7 1909
15 4 7 1909
16 5 7 1909
17 6 7 1909
18 0 7 1909
19 1 7 1909
20 2 7 1909
21 3 7 1909
22 4 7 1909
23 5 7 1909
24 6 7 1909
25 0 7 1909
26 1 7 1909
27 2 7 1909
28 3 7 1909
29 4 7 1909
30 5 7 1909
31 6 7 1909
1 0 8 1909
2 1 8 1909
3 2 8 1909
4 3 8 1909
5 4 8 1909
6 5 8 1909
7 6 8 1909
8 0 8 1909
9 1 8 1909
10 2 8 1909
11 3 8 1909
12 4 8 1909
13 5 8 1909
14 6 8 1909
15 0 8 1909
16 1 8 1909
17 2 8 1909
18 3 8 1909
19 4 8 1909
20 5 8 1909
21 6 8 1909
22 0 8 1909
23 1 8 1909
24 2 8 1909
25 3 8 1909
26 4 8 1909
27 5 8 1909
28 6 8 1909
29 0 8 1909
30 1 8 1909
31 2 8 1909
1 3 9 1909
2 4 9 1909
3 5 9 1909
4 6 9 1909
5 0 9 1909
6 1 9 1909
7 2 9 1909
8 3 9 1909
9 4 9 1909
10 5 9 1909
11 6 9 1909
12 0 9 1909
13 1 9 1909
14 2 9 1909
15 3 9 1909
16 4 9 1909
17 5 9 1909
18 6 9 1909
19 0 9 1909
20 1 9 1909
21 2 9 1909
22 3 9 1909
23 4 9 1909
24 5 9 1909
25 6 9 1909
26 0 9 1909
27 1 9 1909
28 2 9 1909
29 3 9 1909
30 4 9 1909
1 5 10 1909
2 6 10 1909
3 0 10 1909
4 1 10 1909
5 2 10 1909
6 3 10 1909
7 4 10 1909
8 5 10 1909
9 6 10 1909
10 0 10 1909
11 1 10 1909
12 2 10 1909
13 3 10 1909
14 4 10 1909
15 5 10 1909
16 6 10 1909
17 0 10 1909
18 1 10 1909
19 2 10 1909
20 3 10 1909
21 4 10 1909
22 5 10 1909
23 6 10 1909
24 0 10 1909
25 1 10 1909
26 2 10 1909
27 3 10 1909
28 4 10 1909
29 5 10 1909
30 6 10 1909
31 0 10 1909
1 1 11 1909
2 2 11 1909
3 3 11 1909
4 4 11 1909
5 5 11 1909
6 6 11 1909
7 0 11 1909
8 1 11 1909
9 2 11 1909
10 3 11 1909
11 4 11 1909
12 5 11 1909
13 6 11 1909
14 0 11 1909
15 1 11 1909
16 2 11 1909
17 3 11 1909
18 4 11 1909
19 5 11 1909
20 6 11 1909
21 0 11 1909
22 1 11 1909
23 2 11 1909
24 3 11 1909
25 4 11 1909
26 5 11 1909
27 6 11 1909
28 0 11 1909
29 1 11 1909
30 2 11 1909
1 3 0 1909
2 4 0 1909
3 5 0 1909
4 6 0 1909
5 0 0 1909
6 1 0 1909
7 2 0 1909
8 3 0 1909
9 4 0 1909
10 5 0 1909
11 6 0 1909
12 0 0 1909
13 1 0 1909
14 2 0 1909
15 3 0 1909
16 4 0 1909
17 5 0 1909
18 6 0 1909
19 0 0 1909
20 1 0 1909
21 2 0 1909
22 3 0 1909
23 4 0 1909
24 5 0 1909
25 6 0 1909
26 0 0 1909
27 1 0 1909
28 2 0 1909
29 3 0 1909
30 4 0 1909
31 5 0 1909
1 6 1 1910
2 0 1 1910
3 1 1 1910
4 2 1 1910
5 3 1 1910
6 4 1 1910
7 5 1 1910
8 6 1 1910
9 0 1 1910
10 1 1 1910
11 2 1 1910
12 3 1 1910
13 4 1 1910
14 5 1 1910
15 6 1 1910
16 0 1 1910
17 1 1 1910
18 2 1 1910
19 3 1 1910
20 4 1 1910
21 5 1 1910
22 6 1 1910
23 0 1 1910
24 1 1 1910
25 2 1 1910
26 3 1 1910
27 4 1 1910
28 5 1 1910
29 6 1 1910
30 0 1 1910
31 1 1 1910
1 2 2 1910
2 3 2 1910
3 4 2 1910
4 5 2 1910
5 6 2 1910
6 0 2 1910
7 1 2 1910
8 2 2 1910
9 3 2 1910
10 4 2 1910
11 5 2 1910
12 6 2 1910
13 0 2 1910
14 1 2 1910
15 2 2 1910
16 3 2 1910
17 4 2 1910
18 5 2 1910
19 6 2 1910
20 0 2 1910
21 1 2 1910
22 2 2 1910
23 3 2 1910
24 4 2 1910
25 5 2 1910
26 6 2 1910
27 0 2 1910
28 1 2 1910
1 2 3 1910
2 3 3 1910
3 4 3 1910
4 5 3 1910
5 6 3 1910
6 0 3 1910
7 1 3 1910
8 2 3 1910
9 3 3 1910
10 4 3 1910
11 5 3 1910
12 6 3 1910
13 0 3 1910
14 1 3 1910
15 2 3 1910
16 3 3 1910
17 4 3 1910
18 5 3 1910
19 6 3 1910
20 0 3 1910
21 1 3 1910
22 2 3 1910
23 3 3 1910
24 4 3 1910
25 5 3 1910
26 6 3 1910
27 0 3 1910
28 1 3 1910
29 2 3 1910
30 3 3 1910
31 4 3 1910
1 5 4 1910
2 6 4 1910
3 0 4 1910
4 1 4 1910
5 2 4 1910
6 3 4 1910
7 4 4 1910
8 5 4 1910
9 6 4 1910
10 0 4 1910
11 1 4 1910
12 2 4 1910
13 3 4 1910
14 4 4 1910
15 5 4 1910
16 6 4 1910
17 0 4 1910
18 1 4 1910
19 2 4 1910
20 3 4 1910
21 4 4 1910
22 5 4 1910
23 6 4 1910
24 0 4 1910
25 1 4 1910
26 2 4 1910
27 3 4 1910
28 4 4 1910
29 5 4 1910
30 6 4 1910
1 0 5 1910
2 1 5 1910
3 2 5 1910
4 3 5 1910
5 4 5 1910
6 5 5 1910
7 6 5 1910
8 0 5 1910
9 1 5 1910
10 2 5 1910
11 3 5 1910
12 4 5 1910
13 5 5 1910
14 6 5 1910
15 0 5 1910
16 1 5 1910
17 2 5 1910
18 3 5 1910
19 4 5 1910
20 5 5 1910
21 6 5 1910
22 0 5 1910
23 1 5 1910
24 2 5 1910
25 3 5 1910
26 4 5 1910
27 5 5 1910
28 6 5 1910
29 0 5 1910
30 1 5 1910
31 2 5 1910
1 3 6 1910
2 4 6 1910
3 5 6 1910
4 6 6 1910
5 0 6 1910
6 1 6 1910
7 2 6 1910
8 3 6 1910
9 4 6 1910
10 5 6 1910
11 6 6 1910
12 0 6 1910
13 1 6 1910
14 2 6 1910
15 3 6 1910
16 4 6 1910
17 5 6 1910
18 6 6 1910
19 0 6 1910
20 1 6 1910
21 2 6 1910
22 3 6 1910
23 4 6 1910
24 5 6 1910
25 6 6 1910
26 0 6 1910
27 1 6 1910
28 2 6 1910
29 3 6 1910
30 4 6 1910
1 5 7 1910
2 6 7 1910
3 0 7 1910
4 1 7 1910
5 2 7 1910
6 3 7 1910
7 4 7 1910
8 5 7 1910
9 6 7 1910
10 0 7 1910
11 1 7 1910
12 2 7 1910
13 3 7 1910
14 4 7 1910
15 5 7 1910
16 6 7 1910
17 0 7 1910
18 1 7 1910
19 2 7 1910
20 3 7 1910
21 4 7 1910
22 5 7 1910
23 6 7 1910
24 0 7 1910
25 1 7 1910
26 2 7 1910
27 3 7 1910
28 4 7 1910
29 5 7 1910
30 6 7 1910
31 0 7 1910
1 1 8 1910
2 2 8 1910
3 3 8 1910
4 4 8 1910
5 5 8 1910
6 6 8 1910
7 0 8 1910
8 1 8 1910
9 2 8 1910
10 3 8 1910
11 4 8 1910
12 5 8 1910
13 6 8 1910
14 0 8 1910
15 1 8 1910
16 2 8 1910
17 3 8 1910
18 4 8 1910
19 5 8 1910
20 6 8 1910
21 0 8 1910
22 1 8 1910
23 2 8 1910
24 3 8 1910
25 4 8 1910
26 5 8 1910
27 6 8 1910
28 0 8 1910
29 1 8 1910
30 2 8 1910
31 3 8 1910
1 4 9 1910
2 5 9 1910
3 6 9 1910
4 0 9 1910
5 1 9 1910
6 2 9 1910
7 3 9 1910
8 4 9 1910
9 5 9 1910
10 6 9 1910
11 0 9 1910
12 1 9 1910
13 2 9 1910
14 3 9 1910
15 4 9 1910
16 5 9 1910
17 6 9 1910
18 0 9 1910
19 1 9 1910
20 2 9 1910
21 3 9 1910
22 4 9 1910
23 5 9 1910
24 6 9 1910
25 0 9 1910
26 1 9 1910
27 2 9 1910
28 3 9 1910
29 4 9 1910
30 5 9 1910
1 6 10 1910
2 0 10 1910
3 1 10 1910
4 2 10 1910
5 3 10 1910
6 4 10 1910
7 5 10 1910
8 6 10 1910
9 0 10 1910
10 1 10 1910
11 2 10 1910
12 3 10 1910
13 4 10 1910
14 5 10 1910
15 6 10 1910
16 0 10 1910
17 1 10 1910
18 2 10 1910
19 3 10 1910
20 4 10 1910
21 5 10 1910
22 6 10 1910
23 0 10 1910
24 1 10 1910
25 2 10 1910
26 3 10 1910
27 4 10 1910
28 5 10 1910
29 6 10 1910
30 0 10 1910
31 1 10 1910
1 2 11 1910
2 3 11 1910
3 4 11 1910
4 5 11 1910
5 6 11 1910
6 0 11 1910
7 1 11 1910
8 2 11 1910
9 3 11 1910
10 4 11 1910
11 5 11 1910
12 6 11 1910
13 0 11 1910
14 1 11 1910
15 2 11 1910
16 3 11 1910
17 4 11 1910
18 5 11 1910
19 6 11 1910
20 0 11 1910
21 1 11 1910
22 2 11 1910
23 3 11 1910
24 4 11 1910
25 5 11 1910
26 6 11 1910
27 0 11 1910
28 1 11 1910
29 2 11 1910
30 3 11 1910
1 4 0 1910
2 5 0 1910
3 6 0 1910
4 0 0 1910
5 1 0 1910
6 2 0 1910
7 3 0 1910
8 4 0 1910
9 5 0 1910
10 6 0 1910
11 0 0 1910
12 1 0 1910
13 2 0 1910
14 3 0 1910
15 4 0 1910
16 5 0 1910
17 6 0 1910
18 0 0 1910
19 1 0 1910
20 2 0 1910
21 3 0 1910
22 4 0 1910
23 5 0 1910
24 6 0 1910
25 0 0 1910
26 1 0 1910
27 2 0 1910
28 3 0 1910
29 4 0 1910
30 5 0 1910
31 6 0 1910
1 0 1 1911
2 1 1 1911
3 2 1 1911
4 3 1 1911
5 4 1 1911
6 5 1 1911
7 6 1 1911
8 0 1 1911
9 1 1 1911
10 2 1 1911
11 3 1 1911
12 4 1 1911
13 5 1 1911
14 6 1 1911
15 0 1 1911
16 1 1 1911
17 2 1 1911
18 3 1 1911
19 4 1 1911
20 5 1 1911
21 6 1 1911
22 0 1 1911
23 1 1 1911
24 2 1 1911
25 3 1 1911
26 4 1 1911
27 5 1 1911
28 6 1 1911
29 0 1 1911
30 1 1 1911
31 2 1 1911
1 3 2 1911
2 4 2 1911
3 5 2 1911
4 6 2 1911
5 0 2 1911
6 1 2 1911
7 2 2 1911
8 3 2 1911
9 4 2 1911
10 5 2 1911
11 6 2 1911
12 0 2 1911
13 1 2 1911
14 2 2 1911
15 3 2 1911
16 4 2 1911
17 5 2 1911
18 6 2 1911
19 0 2 1911
20 1 2 1911
21 2 2 1911
22 3 2 1911
23 4 2 1911
24 5 2 1911
25 6 2 1911
26 0 2 1911
27 1 2 1911
28 2 2 1911
1 3 3 1911
2 4 3 1911
3 5 3 1911
4 6 3 1911
5 0 3 1911
6 1 3 1911
7 2 3 1911
8 3 3 1911
9 4 3 1911
10 5 3 1911
11 6 3 1911
12 0 3 1911
13 1 3 1911
14 2 3 1911
15 3 3 1911
16 4 3 1911
17 5 3 1911
18 6 3 1911
19 0 3 1911
20 1 3 1911
21 2 3 1911
22 3 3 1911
23 4 3 1911
24 5 3 1911
25 6 3 1911
26 0 3 1911
27 1 3 1911
28 2 3 1911
29 3 3 1911
30 4 3 1911
31 5 3 1911
1 6 4 1911
2 0 4 1911
3 1 4 1911
4 2 4 1911
5 3 4 1911
6 4 4 1911
7 5 4 1911
8 6 4 1911
9 0 4 1911
10 1 4 1911
11 2 4 1911
12 3 4 1911
13 4 4 1911
14 5 4 1911
15 6 4 1911
16 0 4 1911
17 1 4 1911
18 2 4 1911
19 3 4 1911
20 4 4 1911
21 5 4 1911
22 6 4 1911
23 0 4 1911
24 1 4 1911
25 2 4 1911
26 3 4 1911
27 4 4 1911
28 5 4 1911
29 6 4 1911
30 0 4 1911
1 1 5 1911
2 2 5 1911
3 3 5 1911
4 4 5 1911
5 5 5 1911
6 6 5 1911
7 0 5 1911
8 1 5 1911
9 2 5 1911
10 3 5 1911
11 4 5 1911
12 5 5 1911
13 6 5 1911
14 0 5 1911
15 1 5 1911
16 2 5 1911
17 3 5 1911
18 4 5 1911
19 5 5 1911
20 6 5 1911
21 0 5 1911
22 1 5 1911
23 2 5 1911
24 3 5 1911
25 4 5 1911
26 5 5 1911
27 6 5 1911
28 0 5 1911
29 1 5 1911
30 2 5 1911
31 3 5 1911
1 4 6 1911
2 5 6 1911
3 6 6 1911
4 0 6 1911
5 1 6 1911
6 2 6 1911
7 3 6 1911
8 4 6 1911
9 5 6 1911
10 6 6 1911
11 0 6 1911
12 1 6 1911
13 2 6 1911
14 3 6 1911
15 4 6 1911
16 5 6 1911
17 6 6 1911
18 0 6 1911
19 1 6 1911
20 2 6 1911
21 3 6 1911
22 4 6 1911
23 5 6 1911
24 6 6 1911
25 0 6 1911
26 1 6 1911
27 2 6 1911
28 3 6 1911
29 4 6 1911
30 5 6 1911
1 6 7 1911
2 0 7 1911
3 1 7 1911
4 2 7 1911
5 3 7 1911
6 4 7 1911
7 5 7 1911
8 6 7 1911
9 0 7 1911
10 1 7 1911
11 2 7 1911
12 3 7 1911
13 4 7 1911
14 5 7 1911
15 6 7 1911
16 0 7 1911
17 1 7 1911
18 2 7 1911
19 3 7 1911
20 4 7 1911
21 5 7 1911
22 6 7 1911
23 0 7 1911
24 1 7 1911
25 2 7 1911
26 3 7 1911
27 4 7 1911
28 5 7 1911
29 6 7 1911
30 0 7 1911
31 1 7 1911
1 2 8 1911
2 3 8 1911
3 4 8 1911
4 5 8 1911
5 6 8 1911
6 0 8 1911
7 1 8 1911
8 2 8 1911
9 3 8 1911
10 4 8 1911
11 5 8 1911
12 6 8 1911
13 0 8 1911
14 1 8 1911
15 2 8 1911
16 3 8 1911
17 4 8 1911
18 5 8 1911
19 6 8 1911
20 0 8 1911
21 1 8 1911
22 2 8 1911
23 3 8 1911
24 4 8 1911
25 5 8 1911
26 6 8 1911
27 0 8 1911
28 1 8 1911
29 2 8 1911
30 3 8 1911
31 4 8 1911
1 5 9 1911
2 6 9 1911
3 0 9 1911
4 1 9 1911
5 2 9 1911
6 3 9 1911
7 4 9 1911
8 5 9 1911
9 6 9 1911
10 0 9 1911
11 1 9 1911
12 2 9 1911
13 3 9 1911
14 4 9 1911
15 5 9 1911
16 6 9 1911
17 0 9 1911
18 1 9 1911
19 2 9 1911
20 3 9 1911
21 4 9 1911
22 5 9 1911
23 6 9 1911
24 0 9 1911
25 1 9 1911
26 2 9 1911
27 3 9 1911
28 4 9 1911
29 5 9 1911
30 6 9 1911
1 0 10 1911
2 1 10 1911
3 2 10 1911
4 3 10 1911
5 4 10 1911
6 5 10 1911
7 6 10 1911
8 0 10 1911
9 1 10 1911
10 2 10 1911
11 3 10 1911
12 4 10 1911
13 5 10 1911
14 6 10 1911
15 0 10 1911
16 1 10 1911
17 2 10 1911
18 3 10 1911
19 4 10 1911
20 5 10 1911
21 6 10 1911
22 0 10 1911
23 1 10 1911
24 2 10 1911
25 3 10 1911
26 4 10 1911
27 5 10 1911
28 6 10 1911
29 0 10 1911
30 1 10 1911
31 2 10 1911
1 3 11 1911
2 4 11 1911
3 5 11 1911
4 6 11 1911
5 0 11 1911
6 1 11 1911
7 2 11 1911
8 3 11 1911
9 4 11 1911
10 5 11 1911
11 6 11 1911
12 0 11 1911
13 1 11 1911
14 2 11 1911
15 3 11 1911
16 4 11 1911
17 5 11 1911
18 6 11 1911
19 0 11 1911
20 1 11 1911
21 2 11 1911
22 3 11 1911
23 4 11 1911
24 5 11 1911
25 6 11 1911
26 0 11 1911
27 1 11 1911
28 2 11 1911
29 3 11 1911
30 4 11 1911
1 5 0 1911
2 6 0 1911
3 0 0 1911
4 1 0 1911
5 2 0 1911
6 3 0 1911
7 4 0 1911
8 5 0 1911
9 6 0 1911
10 0 0 1911
11 1 0 1911
12 2 0 1911
13 3 0 1911
14 4 0 1911
15 5 0 1911
16 6 0 1911
17 0 0 1911
18 1 0 1911
19 2 0 1911
20 3 0 1911
21 4 0 1911
22 5 0 1911
23 6 0 1911
24 0 0 1911
25 1 0 1911
26 2 0 1911
27 3 0 1911
28 4 0 1911
29 5 0 1911
30 6 0 1911
31 0 0 1911
1 1 1 1912
2 2 1 1912
3 3 1 1912
4 4 1 1912
5 5 1 1912
6 6 1 1912
7 0 1 1912
8 1 1 1912
9 2 1 1912
10 3 1 1912
11 4 1 1912
12 5 1 1912
13 6 1 1912
14 0 1 1912
15 1 1 1912
16 2 1 1912
17 3 1 1912
18 4 1 1912
19 5 1 1912
20 6 1 1912
21 0 1 1912
22 1 1 1912
23 2 1 1912
24 3 1 1912
25 4 1 1912
26 5 1 1912
27 6 1 1912
28 0 1 1912
29 1 1 1912
30 2 1 1912
31 3 1 1912
1 4 2 1912
2 5 2 1912
3 6 2 1912
4 0 2 1912
5 1 2 1912
6 2 2 1912
7 3 2 1912
8 4 2 1912
9 5 2 1912
10 6 2 1912
11 0 2 1912
12 1 2 1912
13 2 2 1912
14 3 2 1912
15 4 2 1912
16 5 2 1912
17 6 2 1912
18 0 2 1912
19 1 2 1912
20 2 2 1912
21 3 2 1912
22 4 2 1912
23 5 2 1912
24 6 2 1912
25 0 2 1912
26 1 2 1912
27 2 2 1912
28 3 2 1912
29 4 2 1912
1 5 3 1912
2 6 3 1912
3 0 3 1912
4 1 3 1912
5 2 3 1912
6 3 3 1912
7 4 3 1912
8 5 3 1912
9 6 3 1912
10 0 3 1912
11 1 3 1912
12 2 3 1912
13 3 3 1912
14 4 3 1912
15 5 3 1912
16 6 3 1912
17 0 3 1912
18 1 3 1912
19 2 3 1912
20 3 3 1912
21 4 3 1912
22 5 3 1912
23 6 3 1912
24 0 3 1912
25 1 3 1912
26 2 3 1912
27 3 3 1912
28 4 3 1912
29 5 3 1912
30 6 3 1912
31 0 3 1912
1 1 4 1912
2 2 4 1912
3 3 4 1912
4 4 4 1912
5 5 4 1912
6 6 4 1912
7 0 4 1912
8 1 4 1912
9 2 4 1912
10 3 4 1912
11 4 4 1912
12 5 4 1912
13 6 4 1912
14 0 4 1912
15 1 4 1912
16 2 4 1912
17 3 4 1912
18 4 4 1912
19 5 4 1912
20 6 4 1912
21 0 4 1912
22 1 4 1912
23 2 4 1912
24 3 4 1912
25 4 4 1912
26 5 4 1912
27 6 4 1912
28 0 4 1912
29 1 4 1912
30 2 4 1912
1 3 5 1912
2 4 5 1912
3 5 5 1912
4 6 5 1912
5 0 5 1912
6 1 5 1912
7 2 5 1912
8 3 5 1912
9 4 5 1912
10 5 5 1912
11 6 5 1912
12 0 5 1912
13 1 5 1912
14 2 5 1912
15 3 5 1912
16 4 5 1912
17 5 5 1912
18 6 5 1912
19 0 5 1912
20 1 5 1912
21 2 5 1912
22 3 5 1912
23 4 5 1912
24 5 5 1912
25 6 5 1912
26 0 5 1912
27 1 5 1912
28 2 5 1912
29 3 5 1912
30 4 5 1912
31 5 5 1912
1 6 6 1912
2 0 6 1912
3 1 6 1912
4 2 6 1912
5 3 6 1912
6 4 6 1912
7 5 6 1912
8 6 6 1912
9 0 6 1912
10 1 6 1912
11 2 6 1912
12 3 6 1912
13 4 6 1912
14 5 6 1912
15 6 6 1912
16 0 6 1912
17 1 6 1912
18 2 6 1912
19 3 6 1912
20 4 6 1912
21 5 6 1912
22 6 6 1912
23 0 6 1912
24 1 6 1912
25 2 6 1912
26 3 6 1912
27 4 6 1912
28 5 6 1912
29 6 6 1912
30 0 6 1912
1 1 7 1912
2 2 7 1912
3 3 7 1912
4 4 7 1912
5 5 7 1912
6 6 7 1912
7 0 7 1912
8 1 7 1912
9 2 7 1912
10 3 7 1912
11 4 7 1912
12 5 7 1912
13 6 7 1912
14 0 7 1912
15 1 7 1912
16 2 7 1912
17 3 7 1912
18 4 7 1912
19 5 7 1912
20 6 7 1912
21 0 7 1912
22 1 7 1912
23 2 7 1912
24 3 7 1912
25 4 7 1912
26 5 7 1912
27 6 7 1912
28 0 7 1912
29 1 7 1912
30 2 7 1912
31 3 7 1912
1 4 8 1912
2 5 8 1912
3 6 8 1912
4 0 8 1912
5 1 8 1912
6 2 8 1912
7 3 8 1912
8 4 8 1912
9 5 8 1912
10 6 8 1912
11 0 8 1912
12 1 8 1912
13 2 8 1912
14 3 8 1912
15 4 8 1912
16 5 8 1912
17 6 8 1912
18 0 8 1912
19 1 8 1912
20 2 8 1912
21 3 8 1912
22 4 8 1912
23 5 8 1912
24 6 8 1912
25 0 8 1912
26 1 8 1912
27 2 8 1912
28 3 8 1912
29 4 8 1912
30 5 8 1912
31 6 8 1912
1 0 9 1912
2 1 9 1912
3 2 9 1912
4 3 9 1912
5 4 9 1912
6 5 9 1912
7 6 9 1912
8 0 9 1912
9 1 9 1912
10 2 9 1912
11 3 9 1912
12 4 9 1912
13 5 9 1912
14 6 9 1912
15 0 9 1912
16 1 9 1912
17 2 9 1912
18 3 9 1912
19 4 9 1912
20 5 9 1912
21 6 9 1912
22 0 9 1912
23 1 9 1912
24 2 9 1912
25 3 9 1912
26 4 9 1912
27 5 9 1912
28 6 9 1912
29 0 9 1912
30 1 9 1912
1 2 10 1912
2 3 10 1912
3 4 10 1912
4 5 10 1912
5 6 10 1912
6 0 10 1912
7 1 10 1912
8 2 10 1912
9 3 10 1912
10 4 10 1912
11 5 10 1912
12 6 10 1912
13 0 10 1912
14 1 10 1912
15 2 10 1912
16 3 10 1912
17 4 10 1912
18 5 10 1912
19 6 10 1912
20 0 10 1912
21 1 10 1912
22 2 10 1912
23 3 10 1912
24 4 10 1912
25 5 10 1912
26 6 10 1912
27 0 10 1912
28 1 10 1912
29 2 10 1912
30 3 10 1912
31 4 10 1912
1 5 11 1912
2 6 11 1912
3 0 11 1912
4 1 11 1912
5 2 11 1912
6 3 11 1912
7 4 11 1912
8 5 11 1912
9 6 11 1912
10 0 11 1912
11 1 11 1912
12 2 11 1912
13 3 11 1912
14 4 11 1912
15 5 11 1912
16 6 11 1912
17 0 11 1912
18 1 11 1912
19 2 11 1912
20 3 11 1912
21 4 11 1912
22 5 11 1912
23 6 11 1912
24 0 11 1912
25 1 11 1912
26 2 11 1912
27 3 11 1912
28 4 11 1912
29 5 11 1912
30 6 11 1912
1 0 0 1912
2 1 0 1912
3 2 0 1912
4 3 0 1912
5 4 0 1912
6 5 0 1912
7 6 0 1912
8 0 0 1912
9 1 0 1912
10 2 0 1912
11 3 0 1912
12 4 0 1912
13 5 0 1912
14 6 0 1912
15 0 0 1912
16 1 0 1912
17 2 0 1912
18 3 0 1912
19 4 0 1912
20 5 0 1912
21 6 0 1912
22 0 0 1912
23 1 0 1912
24 2 0 1912
25 3 0 1912
26 4 0 1912
27 5 0 1912
28 6 0 1912
29 0 0 1912
30 1 0 1912
31 2 0 1912
1 3 1 1913
2 4 1 1913
3 5 1 1913
4 6 1 1913
5 0 1 1913
6 1 1 1913
7 2 1 1913
8 3 1 1913
9 4 1 1913
10 5 1 1913
11 6 1 1913
12 0 1 1913
13 1 1 1913
14 2 1 1913
15 3 1 1913
16 4 1 1913
17 5 1 1913
18 6 1 1913
19 0 1 1913
20 1 1 1913
21 2 1 1913
22 3 1 1913
23 4 1 1913
24 5 1 1913
25 6 1 1913
26 0 1 1913
27 1 1 1913
28 2 1 1913
29 3 1 1913
30 4 1 1913
31 5 1 1913
1 6 2 1913
2 0 2 1913
3 1 2 1913
4 2 2 1913
5 3 2 1913
6 4 2 1913
7 5 2 1913
8 6 2 1913
9 0 2 1913
10 1 2 1913
11 2 2 1913
12 3 2 1913
13 4 2 1913
14 5 2 1913
15 6 2 1913
16 0 2 1913
17 1 2 1913
18 2 2 1913
19 3 2 1913
20 4 2 1913
21 5 2 1913
22 6 2 1913
23 0 2 1913
24 1 2 1913
25 2 2 1913
26 3 2 1913
27 4 2 1913
28 5 2 1913
1 6 3 1913
2 0 3 1913
3 1 3 1913
4 2 3 1913
5 3 3 1913
6 4 3 1913
7 5 3 1913
8 6 3 1913
9 0 3 1913
10 1 3 1913
11 2 3 1913
12 3 3 1913
13 4 3 1913
14 5 3 1913
15 6 3 1913
16 0 3 1913
17 1 3 1913
18 2 3 1913
19 3 3 1913
20 4 3 1913
21 5 3 1913
22 6 3 1913
23 0 3 1913
24 1 3 1913
25 2 3 1913
26 3 3 1913
27 4 3 1913
28 5 3 1913
29 6 3 1913
30 0 3 1913
31 1 3 1913
1 2 4 1913
2 3 4 1913
3 4 4 1913
4 5 4 1913
5 6 4 1913
6 0 4 1913
7 1 4 1913
8 2 4 1913
9 3 4 1913
10 4 4 1913
11 5 4 1913
12 6 4 1913
13 0 4 1913
14 1 4 1913
15 2 4 1913
16 3 4 1913
17 4 4 1913
18 5 4 1913
19 6 4 1913
20 0 4 1913
21 1 4 1913
22 2 4 1913
23 3 4 1913
24 4 4 1913
25 5 4 1913
26 6 4 1913
27 0 4 1913
28 1 4 1913
29 2 4 1913
30 3 4 1913
1 4 5 1913
2 5 5 1913
3 6 5 1913
4 0 5 1913
5 1 5 1913
6 2 5 1913
7 3 5 1913
8 4 5 1913
9 5 5 1913
10 6 5 1913
11 0 5 1913
12 1 5 1913
13 2 5 1913
14 3 5 1913
15 4 5 1913
16 5 5 1913
17 6 5 1913
18 0 5 1913
19 1 5 1913
20 2 5 1913
21 3 5 1913
22 4 5 1913
23 5 5 1913
24 6 5 1913
25 0 5 1913
26 1 5 1913
27 2 5 1913
28 3 5 1913
29 4 5 1913
30 5 5 1913
31 6 5 1913
1 0 6 1913
2 1 6 1913
3 2 6 1913
4 3 6 1913
5 4 6 1913
6 5 6 1913
7 6 6 1913
8 0 6 1913
9 1 6 1913
10 2 6 1913
11 3 6 1913
12 4 6 1913
13 5 6 1913
14 6 6 1913
15 0 6 1913
16 1 6 1913
17 2 6 1913
18 3 6 1913
19 4 6 1913
20 5 6 1913
21 6 6 1913
22 0 6 1913
23 1 6 1913
24 2 6 1913
25 3 6 1913
26 4 6 1913
27 5 6 1913
28 6 6 1913
29 0 6 1913
30 1 6 1913
1 2 7 1913
2 3 7 1913
3 4 7 1913
4 5 7 1913
5 6 7 1913
6 0 7 1913
7 1 7 1913
8 2 7 1913
9 3 7 1913
10 4 7 1913
11 5 7 1913
12 6 7 1913
13 0 7 1913
14 1 7 1913
15 2 7 1913
16 3 7 1913
17 4 7 1913
18 5 7 1913
19 6 7 1913
20 0 7 1913
21 1 7 1913
22 2 7 1913
23 3 7 1913
24 4 7 1913
25 5 7 1913
26 6 7 1913
27 0 7 1913
28 1 7 1913
29 2 7 1913
30 3 7 1913
31 4 7 1913
1 5 8 1913
2 6 8 1913
3 0 8 1913
4 1 8 1913
5 2 8 1913
6 3 8 1913
7 4 8 1913
8 5 8 1913
9 6 8 1913
10 0 8 1913
11 1 8 1913
12 2 8 1913
13 3 8 1913
14 4 8 1913
15 5 8 1913
16 6 8 1913
17 0 8 1913
18 1 8 1913
19 2 8 1913
20 3 8 1913
21 4 8 1913
22 5 8 1913
23 6 8 1913
24 0 8 1913
25 1 8 1913
26 2 8 1913
27 3 8 1913
28 4 8 1913
29 5 8 1913
30 6 8 1913
31 0 8 1913
1 1 9 1913
2 2 9 1913
3 3 9 1913
4 4 9 1913
5 5 9 1913
6 6 9 1913
7 0 9 1913
8 1 9 1913
9 2 9 1913
10 3 9 1913
11 4 9 1913
12 5 9 1913
13 6 9 1913
14 0 9 1913
15 1 9 1913
16 2 9 1913
17 3 9 1913
18 4 9 1913
19 5 9 1913
20 6 9 1913
21 0 9 1913
22 1 9 1913
23 2 9 1913
24 3 9 1913
25 4 9 1913
26 5 9 1913
27 6 9 1913
28 0 9 1913
29 1 9 1913
30 2 9 1913
1 3 10 1913
2 4 10 1913
3 5 10 1913
4 6 10 1913
5 0 10 1913
6 1 10 1913
7 2 10 1913
8 3 10 1913
9 4 10 1913
10 5 10 1913
11 6 10 1913
12 0 10 1913
13 1 10 1913
14 2 10 1913
15 3 10 1913
16 4 10 1913
17 5 10 1913
18 6 10 1913
19 0 10 1913
20 1 10 1913
21 2 10 1913
22 3 10 1913
23 4 10 1913
24 5 10 1913
25 6 10 1913
26 0 10 1913
27 1 10 1913
28 2 10 1913
29 3 10 1913
30 4 10 1913
31 5 10 1913
1 6 11 1913
2 0 11 1913
3 1 11 1913
4 2 11 1913
5 3 11 1913
6 4 11 1913
7 5 11 1913
8 6 11 1913
9 0 11 1913
10 1 11 1913
11 2 11 1913
12 3 11 1913
13 4 11 1913
14 5 11 1913
15 6 11 1913
16 0 11 1913
17 1 11 1913
18 2 11 1913
19 3 11 1913
20 4 11 1913
21 5 11 1913
22 6 11 1913
23 0 11 1913
24 1 11 1913
25 2 11 1913
26 3 11 1913
27 4 11 1913
28 5 11 1913
29 6 11 1913
30 0 11 1913
1 1 0 1913
2 2 0 1913
3 3 0 1913
4 4 0 1913
5 5 0 1913
6 6 0 1913
7 0 0 1913
8 1 0 1913
9 2 0 1913
10 3 0 1913
11 4 0 1913
12 5 0 1913
13 6 0 1913
14 0 0 1913
15 1 0 1913
16 2 0 1913
17 3 0 1913
18 4 0 1913
19 5 0 1913
20 6 0 1913
21 0 0 1913
22 1 0 1913
23 2 0 1913
24 3 0 1913
25 4 0 1913
26 5 0 1913
27 6 0 1913
28 0 0 1913
29 1 0 1913
30 2 0 1913
31 3 0 1913
1 4 1 1914
2 5 1 1914
3 6 1 1914
4 0 1 1914
5 1 1 1914
6 2 1 1914
7 3 1 1914
8 4 1 1914
9 5 1 1914
10 6 1 1914
11 0 1 1914
12 1 1 1914
13 2 1 1914
14 3 1 1914
15 4 1 1914
16 5 1 1914
17 6 1 1914
18 0 1 1914
19 1 1 1914
20 2 1 1914
21 3 1 1914
22 4 1 1914
23 5 1 1914
24 6 1 1914
25 0 1 1914
26 1 1 1914
27 2 1 1914
28 3 1 1914
29 4 1 1914
30 5 1 1914
31 6 1 1914
1 0 2 1914
2 1 2 1914
3 2 2 1914
4 3 2 1914
5 4 2 1914
6 5 2 1914
7 6 2 1914
8 0 2 1914
9 1 2 1914
10 2 2 1914
11 3 2 1914
12 4 2 1914
13 5 2 1914
14 6 2 1914
15 0 2 1914
16 1 2 1914
17 2 2 1914
18 3 2 1914
19 4 2 1914
20 5 2 1914
21 6 2 1914
22 0 2 1914
23 1 2 1914
24 2 2 1914
25 3 2 1914
26 4 2 1914
27 5 2 1914
28 6 2 1914
1 0 3 1914
2 1 3 1914
3 2 3 1914
4 3 3 1914
5 4 3 1914
6 5 3 1914
7 6 3 1914
8 0 3 1914
9 1 3 1914
10 2 3 1914
11 3 3 1914
12 4 3 1914
13 5 3 1914
14 6 3 1914
15 0 3 1914
16 1 3 1914
17 2 3 1914
18 3 3 1914
19 4 3 1914
20 5 3 1914
21 6 3 1914
22 0 3 1914
23 1 3 1914
24 2 3 1914
25 3 3 1914
26 4 3 1914
27 5 3 1914
28 6 3 1914
29 0 3 1914
30 1 3 1914
31 2 3 1914
1 3 4 1914
2 4 4 1914
3 5 4 1914
4 6 4 1914
5 0 4 1914
6 1 4 1914
7 2 4 1914
8 3 4 1914
9 4 4 1914
10 5 4 1914
11 6 4 1914
12 0 4 1914
13 1 4 1914
14 2 4 1914
15 3 4 1914
16 4 4 1914
17 5 4 1914
18 6 4 1914
19 0 4 1914
20 1 4 1914
21 2 4 1914
22 3 4 1914
23 4 4 1914
24 5 4 1914
25 6 4 1914
26 0 4 1914
27 1 4 1914
28 2 4 1914
29 3 4 1914
30 4 4 1914
1 5 5 1914
2 6 5 1914
3 0 5 1914
4 1 5 1914
5 2 5 1914
6 3 5 1914
7 4 5 1914
8 5 5 1914
9 6 5 1914
10 0 5 1914
11 1 5 1914
12 2 5 1914
13 3 5 1914
14 4 5 1914
15 5 5 1914
16 6 5 1914
17 0 5 1914
18 1 5 1914
19 2 5 1914
20 3 5 1914
21 4 5 1914
22 5 5 1914
23 6 5 1914
24 0 5 1914
25 1 5 1914
26 2 5 1914
27 3 5 1914
28 4 5 1914
29 5 5 1914
30 6 5 1914
31 0 5 1914
1 1 6 1914
2 2 6 1914
3 3 6 1914
4 4 6 1914
5 5 6 1914
6 6 6 1914
7 0 6 1914
8 1 6 1914
9 2 6 1914
10 3 6 1914
11 4 6 1914
12 5 6 1914
13 6 6 1914
14 0 6 1914
15 1 6 1914
16 2 6 1914
17 3 6 1914
18 4 6 1914
19 5 6 1914
20 6 6 1914
21 0 6 1914
22 1 6 1914
23 2 6 1914
24 3 6 1914
25 4 6 1914
26 5 6 1914
27 6 6 1914
28 0 6 1914
29 1 6 1914
30 2 6 1914
1 3 7 1914
2 4 7 1914
3 5 7 1914
4 6 7 1914
5 0 7 1914
6 1 7 1914
7 2 7 1914
8 3 7 1914
9 4 7 1914
10 5 7 1914
11 6 7 1914
12 0 7 1914
13 1 7 1914
14 2 7 1914
15 3 7 1914
16 4 7 1914
17 5 7 1914
18 6 7 1914
19 0 7 1914
20 1 7 1914
21 2 7 1914
22 3 7 1914
23 4 7 1914
24 5 7 1914
25 6 7 1914
26 0 7 1914
27 1 7 1914
28 2 7 1914
29 3 7 1914
30 4 7 1914
31 5 7 1914
1 6 8 1914
2 0 8 1914
3 1 8 1914
4 2 8 1914
5 3 8 1914
6 4 8 1914
7 5 8 1914
8 6 8 1914
9 0 8 1914
10 1 8 1914
11 2 8 1914
12 3 8 1914
13 4 8 1914
14 5 8 1914
15 6 8 1914
16 0 8 1914
17 1 8 1914
18 2 8 1914
19 3 8 1914
20 4 8 1914
21 5 8 1914
22 6 8 1914
23 0 8 1914
24 1 8 1914
25 2 8 1914
26 3 8 1914
27 4 8 1914
28 5 8 1914
29 6 8 1914
30 0 8 1914
31 1 8 1914
1 2 9 1914
2 3 9 1914
3 4 9 1914
4 5 9 1914
5 6 9 1914
6 0 9 1914
7 1 9 1914
8 2 9 1914
9 3 9 1914
10 4 9 1914
11 5 9 1914
12 6 9 1914
13 0 9 1914
14 1 9 1914
15 2 9 1914
16 3 9 1914
17 4 9 1914
18 5 9 1914
19 6 9 1914
20 0 9 1914
21 1 9 1914
22 2 9 1914
23 3 9 1914
24 4 9 1914
25 5 9 1914
26 6 9 1914
27 0 9 1914
28 1 9 1914
29 2 9 1914
30 3 9 1914
1 4 10 1914
2 5 10 1914
3 6 10 1914
4 0 10 1914
5 1 10 1914
6 2 10 1914
7 3 10 1914
8 4 10 1914
9 5 10 1914
10 6 10 1914
11 0 10 1914
12 1 10 1914
13 2 10 1914
14 3 10 1914
15 4 10 1914
16 5 10 1914
17 6 10 1914
18 0 10 1914
19 1 10 1914
20 2 10 1914
21 3 10 1914
22 4 10 1914
23 5 10 1914
24 6 10 1914
25 0 10 1914
26 1 10 1914
27 2 10 1914
28 3 10 1914
29 4 10 1914
30 5 10 1914
31 6 10 1914
1 0 11 1914
2 1 11 1914
3 2 11 1914
4 3 11 1914
5 4 11 1914
6 5 11 1914
7 6 11 1914
8 0 11 1914
9 1 11 1914
10 2 11 1914
11 3 11 1914
12 4 11 1914
13 5 11 1914
14 6 11 1914
15 0 11 1914
16 1 11 1914
17 2 11 1914
18 3 11 1914
19 4 11 1914
20 5 11 1914
21 6 11 1914
22 0 11 1914
23 1 11 1914
24 2 11 1914
25 3 11 1914
26 4 11 1914
27 5 11 1914
28 6 11 1914
29 0 11 1914
30 1 11 1914
1 2 0 1914
2 3 0 1914
3 4 0 1914
4 5 0 1914
5 6 0 1914
6 0 0 1914
7 1 0 1914
8 2 0 1914
9 3 0 1914
10 4 0 1914
11 5 0 1914
12 6 0 1914
13 0 0 1914
14 1 0 1914
15 2 0 1914
16 3 0 1914
17 4 0 1914
18 5 0 1914
19 6 0 1914
20 0 0 1914
21 1 0 1914
22 2 0 1914
23 3 0 1914
24 4 0 1914
25 5 0 1914
26 6 0 1914
27 0 0 1914
28 1 0 1914
29 2 0 1914
30 3 0 1914
31 4 0 1914
1 5 1 1915
2 6 1 1915
3 0 1 1915
4 1 1 1915
5 2 1 1915
6 3 1 1915
7 4 1 1915
8 5 1 1915
9 6 1 1915
10 0 1 1915
11 1 1 1915
12 2 1 1915
13 3 1 1915
14 4 1 1915
15 5 1 1915
16 6 1 1915
17 0 1 1915
18 1 1 1915
19 2 1 1915
20 3 1 1915
21 4 1 1915
22 5 1 1915
23 6 1 1915
24 0 1 1915
25 1 1 1915
26 2 1 1915
27 3 1 1915
28 4 1 1915
29 5 1 1915
30 6 1 1915
31 0 1 1915
1 1 2 1915
2 2 2 1915
3 3 2 1915
4 4 2 1915
5 5 2 1915
6 6 2 1915
7 0 2 1915
8 1 2 1915
9 2 2 1915
10 3 2 1915
11 4 2 1915
12 5 2 1915
13 6 2 1915
14 0 2 1915
15 1 2 1915
16 2 2 1915
17 3 2 1915
18 4 2 1915
19 5 2 1915
20 6 2 1915
21 0 2 1915
22 1 2 1915
23 2 2 1915
24 3 2 1915
25 4 2 1915
26 5 2 1915
27 6 2 1915
28 0 2 1915
1 1 3 1915
2 2 3 1915
3 3 3 1915
4 4 3 1915
5 5 3 1915
6 6 3 1915
7 0 3 1915
8 1 3 1915
9 2 3 1915
10 3 3 1915
11 4 3 1915
12 5 3 1915
13 6 3 1915
14 0 3 1915
15 1 3 1915
16 2 3 1915
17 3 3 1915
18 4 3 1915
19 5 3 1915
20 6 3 1915
21 0 3 1915
22 1 3 1915
23 2 3 1915
24 3 3 1915
25 4 3 1915
26 5 3 1915
27 6 3 1915
28 0 3 1915
29 1 3 1915
30 2 3 1915
31 3 3 1915
1 4 4 1915
2 5 4 1915
3 6 4 1915
4 0 4 1915
5 1 4 1915
6 2 4 1915
7 3 4 1915
8 4 4 1915
9 5 4 1915
10 6 4 1915
11 0 4 1915
12 1 4 1915
13 2 4 1915
14 3 4 1915
15 4 4 1915
16 5 4 1915
17 6 4 1915
18 0 4 1915
19 1 4 1915
20 2 4 1915
21 3 4 1915
22 4 4 1915
23 5 4 1915
24 6 4 1915
25 0 4 1915
26 1 4 1915
27 2 4 1915
28 3 4 1915
29 4 4 1915
30 5 4 1915
1 6 5 1915
2 0 5 1915
3 1 5 1915
4 2 5 1915
5 3 5 1915
6 4 5 1915
7 5 5 1915
8 6 5 1915
9 0 5 1915
10 1 5 1915
11 2 5 1915
12 3 5 1915
13 4 5 1915
14 5 5 1915
15 6 5 1915
16 0 5 1915
17 1 5 1915
18 2 5 1915
19 3 5 1915
20 4 5 1915
21 5 5 1915
22 6 5 1915
23 0 5 1915
24 1 5 1915
25 2 5 1915
26 3 5 1915
27 4 5 1915
28 5 5 1915
29 6 5 1915
30 0 5 1915
31 1 5 1915
1 2 6 1915
2 3 6 1915
3 4 6 1915
4 5 6 1915
5 6 6 1915
6 0 6 1915
7 1 6 1915
8 2 6 1915
9 3 6 1915
10 4 6 1915
11 5 6 1915
12 6 6 1915
13 0 6 1915
14 1 6 1915
15 2 6 1915
16 3 6 1915
17 4 6 1915
18 5 6 1915
19 6 6 1915
20 0 6 1915
21 1 6 1915
22 2 6 1915
23 3 6 1915
24 4 6 1915
25 5 6 1915
26 6 6 1915
27 0 6 1915
28 1 6 1915
29 2 6 1915
30 3 6 1915
1 4 7 1915
2 5 7 1915
3 6 7 1915
4 0 7 1915
5 1 7 1915
6 2 7 1915
7 3 7 1915
8 4 7 1915
9 5 7 1915
10 6 7 1915
11 0 7 1915
12 1 7 1915
13 2 7 1915
14 3 7 1915
15 4 7 1915
16 5 7 1915
17 6 7 1915
18 0 7 1915
19 1 7 1915
20 2 7 1915
21 3 7 1915
22 4 7 1915
23 5 7 1915
24 6 7 1915
25 0 7 1915
26 1 7 1915
27 2 7 1915
28 3 7 1915
29 4 7 1915
30 5 7 1915
31 6 7 1915
1 0 8 1915
2 1 8 1915
3 2 8 1915
4 3 8 1915
5 4 8 1915
6 5 8 1915
7 6 8 1915
8 0 8 1915
9 1 8 1915
10 2 8 1915
11 3 8 1915
12 4 8 1915
13 5 8 1915
14 6 8 1915
15 0 8 1915
16 1 8 1915
17 2 8 1915
18 3 8 1915
19 4 8 1915
20 5 8 1915
21 6 8 1915
22 0 8 1915
23 1 8 1915
24 2 8 1915
25 3 8 1915
26 4 8 1915
27 5 8 1915
28 6 8 1915
29 0 8 1915
30 1 8 1915
31 2 8 1915
1 3 9 1915
2 4 9 1915
3 5 9 1915
4 6 9 1915
5 0 9 1915
6 1 9 1915
7 2 9 1915
8 3 9 1915
9 4 9 1915
10 5 9 1915
11 6 9 1915
12 0 9 1915
13 1 9 1915
14 2 9 1915
15 3 9 1915
16 4 9 1915
17 5 9 1915
18 6 9 1915
19 0 9 1915
20 1 9 1915
21 2 9 1915
22 3 9 1915
23 4 9 1915
24 5 9 1915
25 6 9 1915
26 0 9 1915
27 1 9 1915
28 2 9 1915
29 3 9 1915
30 4 9 1915
1 5 10 1915
2 6 10 1915
3 0 10 1915
4 1 10 1915
5 2 10 1915
6 3 10 1915
7 4 10 1915
8 5 10 1915
9 6 10 1915
10 0 10 1915
11 1 10 1915
12 2 10 1915
13 3 10 1915
14 4 10 1915
15 5 10 1915
16 6 10 1915
17 0 10 1915
18 1 10 1915
19 2 10 1915
20 3 10 1915
21 4 10 1915
22 5 10 1915
23 6 10 1915
24 0 10 1915
25 1 10 1915
26 2 10 1915
27 3 10 1915
28 4 10 1915
29 5 10 1915
30 6 10 1915
31 0 10 1915
1 1 11 1915
2 2 11 1915
3 3 11 1915
4 4 11 1915
5 5 11 1915
6 6 11 1915
7 0 11 1915
8 1 11 1915
9 2 11 1915
10 3 11 1915
11 4 11 1915
12 5 11 1915
13 6 11 1915
14 0 11 1915
15 1 11 1915
16 2 11 1915
17 3 11 1915
18 4 11 1915
19 5 11 1915
20 6 11 1915
21 0 11 1915
22 1 11 1915
23 2 11 1915
24 3 11 1915
25 4 11 1915
26 5 11 1915
27 6 11 1915
28 0 11 1915
29 1 11 1915
30 2 11 1915
1 3 0 1915
2 4 0 1915
3 5 0 1915
4 6 0 1915
5 0 0 1915
6 1 0 1915
7 2 0 1915
8 3 0 1915
9 4 0 1915
10 5 0 1915
11 6 0 1915
12 0 0 1915
13 1 0 1915
14 2 0 1915
15 3 0 1915
16 4 0 1915
17 5 0 1915
18 6 0 1915
19 0 0 1915
20 1 0 1915
21 2 0 1915
22 3 0 1915
23 4 0 1915
24 5 0 1915
25 6 0 1915
26 0 0 1915
27 1 0 1915
28 2 0 1915
29 3 0 1915
30 4 0 1915
31 5 0 1915
1 6 1 1916
2 0 1 1916
3 1 1 1916
4 2 1 1916
5 3 1 1916
6 4 1 1916
7 5 1 1916
8 6 1 1916
9 0 1 1916
10 1 1 1916
11 2 1 1916
12 3 1 1916
13 4 1 1916
14 5 1 1916
15 6 1 1916
16 0 1 1916
17 1 1 1916
18 2 1 1916
19 3 1 1916
20 4 1 1916
21 5 1 1916
22 6 1 1916
23 0 1 1916
24 1 1 1916
25 2 1 1916
26 3 1 1916
27 4 1 1916
28 5 1 1916
29 6 1 1916
30 0 1 1916
31 1 1 1916
1 2 2 1916
2 3 2 1916
3 4 2 1916
4 5 2 1916
5 6 2 1916
6 0 2 1916
7 1 2 1916
8 2 2 1916
9 3 2 1916
10 4 2 1916
11 5 2 1916
12 6 2 1916
13 0 2 1916
14 1 2 1916
15 2 2 1916
16 3 2 1916
17 4 2 1916
18 5 2 1916
19 6 2 1916
20 0 2 1916
21 1 2 1916
22 2 2 1916
23 3 2 1916
24 4 2 1916
25 5 2 1916
26 6 2 1916
27 0 2 1916
28 1 2 1916
29 2 2 1916
1 3 3 1916
2 4 3 1916
3 5 3 1916
4 6 3 1916
5 0 3 1916
6 1 3 1916
7 2 3 1916
8 3 3 1916
9 4 3 1916
10 5 3 1916
11 6 3 1916
12 0 3 1916
13 1 3 1916
14 2 3 1916
15 3 3 1916
16 4 3 1916
17 5 3 1916
18 6 3 1916
19 0 3 1916
20 1 3 1916
21 2 3 1916
22 3 3 1916
23 4 3 1916
24 5 3 1916
25 6 3 1916
26 0 3 1916
27 1 3 1916
28 2 3 1916
29 3 3 1916
30 4 3 1916
31 5 3 1916
1 6 4 1916
2 0 4 1916
3 1 4 1916
4 2 4 1916
5 3 4 1916
6 4 4 1916
7 5 4 1916
8 6 4 1916
9 0 4 1916
10 1 4 1916
11 2 4 1916
12 3 4 1916
13 4 4 1916
14 5 4 1916
15 6 4 1916
16 0 4 1916
17 1 4 1916
18 2 4 1916
19 3 4 1916
20 4 4 1916
21 5 4 1916
22 6 4 1916
23 0 4 1916
24 1 4 1916
25 2 4 1916
26 3 4 1916
27 4 4 1916
28 5 4 1916
29 6 4 1916
30 0 4 1916
1 1 5 1916
2 2 5 1916
3 3 5 1916
4 4 5 1916
5 5 5 1916
6 6 5 1916
7 0 5 1916
8 1 5 1916
9 2 5 1916
10 3 5 1916
11 4 5 1916
12 5 5 1916
13 6 5 1916
14 0 5 1916
15 1 5 1916
16 2 5 1916
17 3 5 1916
18 4 5 1916
19 5 5 1916
20 6 5 1916
21 0 5 1916
22 1 5 1916
23 2 5 1916
24 3 5 1916
25 4 5 1916
26 5 5 1916
27 6 5 1916
28 0 5 1916
29 1 5 1916
30 2 5 1916
31 3 5 1916
1 4 6 1916
2 5 6 1916
3 6 6 1916
4 0 6 1916
5 1 6 1916
6 2 6 1916
7 3 6 1916
8 4 6 1916
9 5 6 1916
10 6 6 1916
11 0 6 1916
12 1 6 1916
13 2 6 1916
14 3 6 1916
15 4 6 1916
16 5 6 1916
17 6 6 1916
18 0 6 1916
19 1 6 1916
20 2 6 1916
21 3 6 1916
22 4 6 1916
23 5 6 1916
24 6 6 1916
25 0 6 1916
26 1 6 1916
27 2 6 1916
28 3 6 1916
29 4 6 1916
30 5 6 1916
1 6 7 1916
2 0 7 1916
3 1 7 1916
4 2 7 1916
5 3 7 1916
6 4 7 1916
7 5 7 1916
8 6 7 1916
9 0 7 1916
10 1 7 1916
11 2 7 1916
12 3 7 1916
13 4 7 1916
14 5 7 1916
15 6 7 1916
16 0 7 1916
17 1 7 1916
18 2 7 1916
19 3 7 1916
20 4 7 1916
21 5 7 1916
22 6 7 1916
23 0 7 1916
24 1 7 1916
25 2 7 1916
26 3 7 1916
27 4 7 1916
28 5 7 1916
29 6 7 1916
30 0 7 1916
31 1 7 1916
1 2 8 1916
2 3 8 1916
3 4 8 1916
4 5 8 1916
5 6 8 1916
6 0 8 1916
7 1 8 1916
8 2 8 1916
9 3 8 1916
10 4 8 1916
11 5 8 1916
12 6 8 1916
13 0 8 1916
14 1 8 1916
15 2 8 1916
16 3 8 1916
17 4 8 1916
18 5 8 1916
19 6 8 1916
20 0 8 1916
21 1 8 1916
22 2 8 1916
23 3 8 1916
24 4 8 1916
25 5 8 1916
26 6 8 1916
27 0 8 1916
28 1 8 1916
29 2 8 1916
30 3 8 1916
31 4 8 1916
1 5 9 1916
2 6 9 1916
3 0 9 1916
4 1 9 1916
5 2 9 1916
6 3 9 1916
7 4 9 1916
8 5 9 1916
9 6 9 1916
10 0 9 1916
11 1 9 1916
12 2 9 1916
13 3 9 1916
14 4 9 1916
15 5 9 1916
16 6 9 1916
17 0 9 1916
18 1 9 1916
19 2 9 1916
20 3 9 1916
21 4 9 1916
22 5 9 1916
23 6 9 1916
24 0 9 1916
25 1 9 1916
26 2 9 1916
27 3 9 1916
28 4 9 1916
29 5 9 1916
30 6 9 1916
1 0 10 1916
2 1 10 1916
3 2 10 1916
4 3 10 1916
5 4 10 1916
6 5 10 1916
7 6 10 1916
8 0 10 1916
9 1 10 1916
10 2 10 1916
11 3 10 1916
12 4 10 1916
13 5 10 1916
14 6 10 1916
15 0 10 1916
16 1 10 1916
17 2 10 1916
18 3 10 1916
19 4 10 1916
20 5 10 1916
21 6 10 1916
22 0 10 1916
23 1 10 1916
24 2 10 1916
25 3 10 1916
26 4 10 1916
27 5 10 1916
28 6 10 1916
29 0 10 1916
30 1 10 1916
31 2 10 1916
1 3 11 1916
2 4 11 1916
3 5 11 1916
4 6 11 1916
5 0 11 1916
6 1 11 1916
7 2 11 1916
8 3 11 1916
9 4 11 1916
10 5 11 1916
11 6 11 1916
12 0 11 1916
13 1 11 1916
14 2 11 1916
15 3 11 1916
16 4 11 1916
17 5 11 1916
18 6 11 1916
19 0 11 1916
20 1 11 1916
21 2 11 1916
22 3 11 1916
23 4 11 1916
24 5 11 1916
25 6 11 1916
26 0 11 1916
27 1 11 1916
28 2 11 1916
29 3 11 1916
30 4 11 1916
1 5 0 1916
2 6 0 1916
3 0 0 1916
4 1 0 1916
5 2 0 1916
6 3 0 1916
7 4 0 1916
8 5 0 1916
9 6 0 1916
10 0 0 1916
11 1 0 1916
12 2 0 1916
13 3 0 1916
14 4 0 1916
15 5 0 1916
16 6 0 1916
17 0 0 1916
18 1 0 1916
19 2 0 1916
20 3 0 1916
21 4 0 1916
22 5 0 1916
23 6 0 1916
24 0 0 1916
25 1 0 1916
26 2 0 1916
27 3 0 1916
28 4 0 1916
29 5 0 1916
30 6 0 1916
31 0 0 1916
1 1 1 1917
2 2 1 1917
3 3 1 1917
4 4 1 1917
5 5 1 1917
6 6 1 1917
7 0 1 1917
8 1 1 1917
9 2 1 1917
10 3 1 1917
11 4 1 1917
12 5 1 1917
13 6 1 1917
14 0 1 1917
15 1 1 1917
16 2 1 1917
17 3 1 1917
18 4 1 1917
19 5 1 1917
20 6 1 1917
21 0 1 1917
22 1 1 1917
23 2 1 1917
24 3 1 1917
25 4 1 1917
26 5 1 1917
27 6 1 1917
28 0 1 1917
29 1 1 1917
30 2 1 1917
31 3 1 1917
1 4 2 1917
2 5 2 1917
3 6 2 1917
4 0 2 1917
5 1 2 1917
6 2 2 1917
7 3 2 1917
8 4 2 1917
9 5 2 1917
10 6 2 1917
11 0 2 1917
12 1 2 1917
13 2 2 1917
14 3 2 1917
15 4 2 1917
16 5 2 1917
17 6 2 1917
18 0 2 1917
19 1 2 1917
20 2 2 1917
21 3 2 1917
22 4 2 1917
23 5 2 1917
24 6 2 1917
25 0 2 1917
26 1 2 1917
27 2 2 1917
28 3 2 1917
1 4 3 1917
2 5 3 1917
3 6 3 1917
4 0 3 1917
5 1 3 1917
6 2 3 1917
7 3 3 1917
8 4 3 1917
9 5 3 1917
10 6 3 1917
11 0 3 1917
12 1 3 1917
13 2 3 1917
14 3 3 1917
15 4 3 1917
16 5 3 1917
17 6 3 1917
18 0 3 1917
19 1 3 1917
20 2 3 1917
21 3 3 1917
22 4 3 1917
23 5 3 1917
24 6 3 1917
25 0 3 1917
26 1 3 1917
27 2 3 1917
28 3 3 1917
29 4 3 1917
30 5 3 1917
31 6 3 1917
1 0 4 1917
2 1 4 1917
3 2 4 1917
4 3 4 1917
5 4 4 1917
6 5 4 1917
7 6 4 1917
8 0 4 1917
9 1 4 1917
10 2 4 1917
11 3 4 1917
12 4 4 1917
13 5 4 1917
14 6 4 1917
15 0 4 1917
16 1 4 1917
17 2 4 1917
18 3 4 1917
19 4 4 1917
20 5 4 1917
21 6 4 1917
22 0 4 1917
23 1 4 1917
24 2 4 1917
25 3 4 1917
26 4 4 1917
27 5 4 1917
28 6 4 1917
29 0 4 1917
30 1 4 1917
1 2 5 1917
2 3 5 1917
3 4 5 1917
4 5 5 1917
5 6 5 1917
6 0 5 1917
7 1 5 1917
8 2 5 1917
9 3 5 1917
10 4 5 1917
11 5 5 1917
12 6 5 1917
13 0 5 1917
14 1 5 1917
15 2 5 1917
16 3 5 1917
17 4 5 1917
18 5 5 1917
19 6 5 1917
20 0 5 1917
21 1 5 1917
22 2 5 1917
23 3 5 1917
24 4 5 1917
25 5 5 1917
26 6 5 1917
27 0 5 1917
28 1 5 1917
29 2 5 1917
30 3 5 1917
31 4 5 1917
1 5 6 1917
2 6 6 1917
3 0 6 1917
4 1 6 1917
5 2 6 1917
6 3 6 1917
7 4 6 1917
8 5 6 1917
9 6 6 1917
10 0 6 1917
11 1 6 1917
12 2 6 1917
13 3 6 1917
14 4 6 1917
15 5 6 1917
16 6 6 1917
17 0 6 1917
18 1 6 1917
19 2 6 1917
20 3 6 1917
21 4 6 1917
22 5 6 1917
23 6 6 1917
24 0 6 1917
25 1 6 1917
26 2 6 1917
27 3 6 1917
28 4 6 1917
29 5 6 1917
30 6 6 1917
1 0 7 1917
2 1 7 1917
3 2 7 1917
4 3 7 1917
5 4 7 1917
6 5 7 1917
7 6 7 1917
8 0 7 1917
9 1 7 1917
10 2 7 1917
11 3 7 1917
12 4 7 1917
13 5 7 1917
14 6 7 1917
15 0 7 1917
16 1 7 1917
17 2 7 1917
18 3 7 1917
19 4 7 1917
20 5 7 1917
21 6 7 1917
22 0 7 1917
23 1 7 1917
24 2 7 1917
25 3 7 1917
26 4 7 1917
27 5 7 1917
28 6 7 1917
29 0 7 1917
30 1 7 1917
31 2 7 1917
1 3 8 1917
2 4 8 1917
3 5 8 1917
4 6 8 1917
5 0 8 1917
6 1 8 1917
7 2 8 1917
8 3 8 1917
9 4 8 1917
10 5 8 1917
11 6 8 1917
12 0 8 1917
13 1 8 1917
14 2 8 1917
15 3 8 1917
16 4 8 1917
17 5 8 1917
18 6 8 1917
19 0 8 1917
20 1 8 1917
21 2 8 1917
22 3 8 1917
23 4 8 1917
24 5 8 1917
25 6 8 1917
26 0 8 1917
27 1 8 1917
28 2 8 1917
29 3 8 1917
30 4 8 1917
31 5 8 1917
1 6 9 1917
2 0 9 1917
3 1 9 1917
4 2 9 1917
5 3 9 1917
6 4 9 1917
7 5 9 1917
8 6 9 1917
9 0 9 1917
10 1 9 1917
11 2 9 1917
12 3 9 1917
13 4 9 1917
14 5 9 1917
15 6 9 1917
16 0 9 1917
17 1 9 1917
18 2 9 1917
19 3 9 1917
20 4 9 1917
21 5 9 1917
22 6 9 1917
23 0 9 1917
24 1 9 1917
25 2 9 1917
26 3 9 1917
27 4 9 1917
28 5 9 1917
29 6 9 1917
30 0 9 1917
1 1 10 1917
2 2 10 1917
3 3 10 1917
4 4 10 1917
5 5 10 1917
6 6 10 1917
7 0 10 1917
8 1 10 1917
9 2 10 1917
10 3 10 1917
11 4 10 1917
12 5 10 1917
13 6 10 1917
14 0 10 1917
15 1 10 1917
16 2 10 1917
17 3 10 1917
18 4 10 1917
19 5 10 1917
20 6 10 1917
21 0 10 1917
22 1 10 1917
23 2 10 1917
24 3 10 1917
25 4 10 1917
26 5 10 1917
27 6 10 1917
28 0 10 1917
29 1 10 1917
30 2 10 1917
31 3 10 1917
1 4 11 1917
2 5 11 1917
3 6 11 1917
4 0 11 1917
5 1 11 1917
6 2 11 1917
7 3 11 1917
8 4 11 1917
9 5 11 1917
10 6 11 1917
11 0 11 1917
12 1 11 1917
13 2 11 1917
14 3 11 1917
15 4 11 1917
16 5 11 1917
17 6 11 1917
18 0 11 1917
19 1 11 1917
20 2 11 1917
21 3 11 1917
22 4 11 1917
23 5 11 1917
24 6 11 1917
25 0 11 1917
26 1 11 1917
27 2 11 1917
28 3 11 1917
29 4 11 1917
30 5 11 1917
1 6 0 1917
2 0 0 1917
3 1 0 1917
4 2 0 1917
5 3 0 1917
6 4 0 1917
7 5 0 1917
8 6 0 1917
9 0 0 1917
10 1 0 1917
11 2 0 1917
12 3 0 1917
13 4 0 1917
14 5 0 1917
15 6 0 1917
16 0 0 1917
17 1 0 1917
18 2 0 1917
19 3 0 1917
20 4 0 1917
21 5 0 1917
22 6 0 1917
23 0 0 1917
24 1 0 1917
25 2 0 1917
26 3 0 1917
27 4 0 1917
28 5 0 1917
29 6 0 1917
30 0 0 1917
31 1 0 1917
1 2 1 1918
2 3 1 1918
3 4 1 1918
4 5 1 1918
5 6 1 1918
6 0 1 1918
7 1 1 1918
8 2 1 1918
9 3 1 1918
10 4 1 1918
11 5 1 1918
12 6 1 1918
13 0 1 1918
14 1 1 1918
15 2 1 1918
16 3 1 1918
17 4 1 1918
18 5 1 1918
19 6 1 1918
20 0 1 1918
21 1 1 1918
22 2 1 1918
23 3 1 1918
24 4 1 1918
25 5 1 1918
26 6 1 1918
27 0 1 1918
28 1 1 1918
29 2 1 1918
30 3 1 1918
31 4 1 1918
1 5 2 1918
2 6 2 1918
3 0 2 1918
4 1 2 1918
5 2 2 1918
6 3 2 1918
7 4 2 1918
8 5 2 1918
9 6 2 1918
10 0 2 1918
11 1 2 1918
12 2 2 1918
13 3 2 1918
14 4 2 1918
15 5 2 1918
16 6 2 1918
17 0 2 1918
18 1 2 1918
19 2 2 1918
20 3 2 1918
21 4 2 1918
22 5 2 1918
23 6 2 1918
24 0 2 1918
25 1 2 1918
26 2 2 1918
27 3 2 1918
28 4 2 1918
1 5 3 1918
2 6 3 1918
3 0 3 1918
4 1 3 1918
5 2 3 1918
6 3 3 1918
7 4 3 1918
8 5 3 1918
9 6 3 1918
10 0 3 1918
11 1 3 1918
12 2 3 1918
13 3 3 1918
14 4 3 1918
15 5 3 1918
16 6 3 1918
17 0 3 1918
18 1 3 1918
19 2 3 1918
20 3 3 1918
21 4 3 1918
22 5 3 1918
23 6 3 1918
24 0 3 1918
25 1 3 1918
26 2 3 1918
27 3 3 1918
28 4 3 1918
29 5 3 1918
30 6 3 1918
31 0 3 1918
1 1 4 1918
2 2 4 1918
3 3 4 1918
4 4 4 1918
5 5 4 1918
6 6 4 1918
7 0 4 1918
8 1 4 1918
9 2 4 1918
10 3 4 1918
11 4 4 1918
12 5 4 1918
13 6 4 1918
14 0 4 1918
15 1 4 1918
16 2 4 1918
17 3 4 1918
18 4 4 1918
19 5 4 1918
20 6 4 1918
21 0 4 1918
22 1 4 1918
23 2 4 1918
24 3 4 1918
25 4 4 1918
26 5 4 1918
27 6 4 1918
28 0 4 1918
29 1 4 1918
30 2 4 1918
1 3 5 1918
2 4 5 1918
3 5 5 1918
4 6 5 1918
5 0 5 1918
6 1 5 1918
7 2 5 1918
8 3 5 1918
9 4 5 1918
10 5 5 1918
11 6 5 1918
12 0 5 1918
13 1 5 1918
14 2 5 1918
15 3 5 1918
16 4 5 1918
17 5 5 1918
18 6 5 1918
19 0 5 1918
20 1 5 1918
21 2 5 1918
22 3 5 1918
23 4 5 1918
24 5 5 1918
25 6 5 1918
26 0 5 1918
27 1 5 1918
28 2 5 1918
29 3 5 1918
30 4 5 1918
31 5 5 1918
1 6 6 1918
2 0 6 1918
3 1 6 1918
4 2 6 1918
5 3 6 1918
6 4 6 1918
7 5 6 1918
8 6 6 1918
9 0 6 1918
10 1 6 1918
11 2 6 1918
12 3 6 1918
13 4 6 1918
14 5 6 1918
15 6 6 1918
16 0 6 1918
17 1 6 1918
18 2 6 1918
19 3 6 1918
20 4 6 1918
21 5 6 1918
22 6 6 1918
23 0 6 1918
24 1 6 1918
25 2 6 1918
26 3 6 1918
27 4 6 1918
28 5 6 1918
29 6 6 1918
30 0 6 1918
1 1 7 1918
2 2 7 1918
3 3 7 1918
4 4 7 1918
5 5 7 1918
6 6 7 1918
7 0 7 1918
8 1 7 1918
9 2 7 1918
10 3 7 1918
11 4 7 1918
12 5 7 1918
13 6 7 1918
14 0 7 1918
15 1 7 1918
16 2 7 1918
17 3 7 1918
18 4 7 1918
19 5 7 1918
20 6 7 1918
21 0 7 1918
22 1 7 1918
23 2 7 1918
24 3 7 1918
25 4 7 1918
26 5 7 1918
27 6 7 1918
28 0 7 1918
29 1 7 1918
30 2 7 1918
31 3 7 1918
1 4 8 1918
2 5 8 1918
3 6 8 1918
4 0 8 1918
5 1 8 1918
6 2 8 1918
7 3 8 1918
8 4 8 1918
9 5 8 1918
10 6 8 1918
11 0 8 1918
12 1 8 1918
13 2 8 1918
14 3 8 1918
15 4 8 1918
16 5 8 1918
17 6 8 1918
18 0 8 1918
19 1 8 1918
20 2 8 1918
21 3 8 1918
22 4 8 1918
23 5 8 1918
24 6 8 1918
25 0 8 1918
26 1 8 1918
27 2 8 1918
28 3 8 1918
29 4 8 1918
30 5 8 1918
31 6 8 1918
1 0 9 1918
2 1 9 1918
3 2 9 1918
4 3 9 1918
5 4 9 1918
6 5 9 1918
7 6 9 1918
8 0 9 1918
9 1 9 1918
10 2 9 1918
11 3 9 1918
12 4 9 1918
13 5 9 1918
14 6 9 1918
15 0 9 1918
16 1 9 1918
17 2 9 1918
18 3 9 1918
19 4 9 1918
20 5 9 1918
21 6 9 1918
22 0 9 1918
23 1 9 1918
24 2 9 1918
25 3 9 1918
26 4 9 1918
27 5 9 1918
28 6 9 1918
29 0 9 1918
30 1 9 1918
1 2 10 1918
2 3 10 1918
3 4 10 1918
4 5 10 1918
5 6 10 1918
6 0 10 1918
7 1 10 1918
8 2 10 1918
9 3 10 1918
10 4 10 1918
11 5 10 1918
12 6 10 1918
13 0 10 1918
14 1 10 1918
15 2 10 1918
16 3 10 1918
17 4 10 1918
18 5 10 1918
19 6 10 1918
20 0 10 1918
21 1 10 1918
22 2 10 1918
23 3 10 1918
24 4 10 1918
25 5 10 1918
26 6 10 1918
27 0 10 1918
28 1 10 1918
29 2 10 1918
30 3 10 1918
31 4 10 1918
1 5 11 1918
2 6 11 1918
3 0 11 1918
4 1 11 1918
5 2 11 1918
6 3 11 1918
7 4 11 1918
8 5 11 1918
9 6 11 1918
10 0 11 1918
11 1 11 1918
12 2 11 1918
13 3 11 1918
14 4 11 1918
15 5 11 1918
16 6 11 1918
17 0 11 1918
18 1 11 1918
19 2 11 1918
20 3 11 1918
21 4 11 1918
22 5 11 1918
23 6 11 1918
24 0 11 1918
25 1 11 1918
26 2 11 1918
27 3 11 1918
28 4 11 1918
29 5 11 1918
30 6 11 1918
1 0 0 1918
2 1 0 1918
3 2 0 1918
4 3 0 1918
5 4 0 1918
6 5 0 1918
7 6 0 1918
8 0 0 1918
9 1 0 1918
10 2 0 1918
11 3 0 1918
12 4 0 1918
13 5 0 1918
14 6 0 1918
15 0 0 1918
16 1 0 1918
17 2 0 1918
18 3 0 1918
19 4 0 1918
20 5 0 1918
21 6 0 1918
22 0 0 1918
23 1 0 1918
24 2 0 1918
25 3 0 1918
26 4 0 1918
27 5 0 1918
28 6 0 1918
29 0 0 1918
30 1 0 1918
31 2 0 1918
1 3 1 1919
2 4 1 1919
3 5 1 1919
4 6 1 1919
5 0 1 1919
6 1 1 1919
7 2 1 1919
8 3 1 1919
9 4 1 1919
10 5 1 1919
11 6 1 1919
12 0 1 1919
13 1 1 1919
14 2 1 1919
15 3 1 1919
16 4 1 1919
17 5 1 1919
18 6 1 1919
19 0 1 1919
20 1 1 1919
21 2 1 1919
22 3 1 1919
23 4 1 1919
24 5 1 1919
25 6 1 1919
26 0 1 1919
27 1 1 1919
28 2 1 1919
29 3 1 1919
30 4 1 1919
31 5 1 1919
1 6 2 1919
2 0 2 1919
3 1 2 1919
4 2 2 1919
5 3 2 1919
6 4 2 1919
7 5 2 1919
8 6 2 1919
9 0 2 1919
10 1 2 1919
11 2 2 1919
12 3 2 1919
13 4 2 1919
14 5 2 1919
15 6 2 1919
16 0 2 1919
17 1 2 1919
18 2 2 1919
19 3 2 1919
20 4 2 1919
21 5 2 1919
22 6 2 1919
23 0 2 1919
24 1 2 1919
25 2 2 1919
26 3 2 1919
27 4 2 1919
28 5 2 1919
1 6 3 1919
2 0 3 1919
3 1 3 1919
4 2 3 1919
5 3 3 1919
6 4 3 1919
7 5 3 1919
8 6 3 1919
9 0 3 1919
10 1 3 1919
11 2 3 1919
12 3 3 1919
13 4 3 1919
14 5 3 1919
15 6 3 1919
16 0 3 1919
17 1 3 1919
18 2 3 1919
19 3 3 1919
20 4 3 1919
21 5 3 1919
22 6 3 1919
23 0 3 1919
24 1 3 1919
25 2 3 1919
26 3 3 1919
27 4 3 1919
28 5 3 1919
29 6 3 1919
30 0 3 1919
31 1 3 1919
1 2 4 1919
2 3 4 1919
3 4 4 1919
4 5 4 1919
5 6 4 1919
6 0 4 1919
7 1 4 1919
8 2 4 1919
9 3 4 1919
10 4 4 1919
11 5 4 1919
12 6 4 1919
13 0 4 1919
14 1 4 1919
15 2 4 1919
16 3 4 1919
17 4 4 1919
18 5 4 1919
19 6 4 1919
20 0 4 1919
21 1 4 1919
22 2 4 1919
23 3 4 1919
24 4 4 1919
25 5 4 1919
26 6 4 1919
27 0 4 1919
28 1 4 1919
29 2 4 1919
30 3 4 1919
1 4 5 1919
2 5 5 1919
3 6 5 1919
4 0 5 1919
5 1 5 1919
6 2 5 1919
7 3 5 1919
8 4 5 1919
9 5 5 1919
10 6 5 1919
11 0 5 1919
12 1 5 1919
13 2 5 1919
14 3 5 1919
15 4 5 1919
16 5 5 1919
17 6 5 1919
18 0 5 1919
19 1 5 1919
20 2 5 1919
21 3 5 1919
22 4 5 1919
23 5 5 1919
24 6 5 1919
25 0 5 1919
26 1 5 1919
27 2 5 1919
28 3 5 1919
29 4 5 1919
30 5 5 1919
31 6 5 1919
1 0 6 1919
2 1 6 1919
3 2 6 1919
4 3 6 1919
5 4 6 1919
6 5 6 1919
7 6 6 1919
8 0 6 1919
9 1 6 1919
10 2 6 1919
11 3 6 1919
12 4 6 1919
13 5 6 1919
14 6 6 1919
15 0 6 1919
16 1 6 1919
17 2 6 1919
18 3 6 1919
19 4 6 1919
20 5 6 1919
21 6 6 1919
22 0 6 1919
23 1 6 1919
24 2 6 1919
25 3 6 1919
26 4 6 1919
27 5 6 1919
28 6 6 1919
29 0 6 1919
30 1 6 1919
1 2 7 1919
2 3 7 1919
3 4 7 1919
4 5 7 1919
5 6 7 1919
6 0 7 1919
7 1 7 1919
8 2 7 1919
9 3 7 1919
10 4 7 1919
11 5 7 1919
12 6 7 1919
13 0 7 1919
14 1 7 1919
15 2 7 1919
16 3 7 1919
17 4 7 1919
18 5 7 1919
19 6 7 1919
20 0 7 1919
21 1 7 1919
22 2 7 1919
23 3 7 1919
24 4 7 1919
25 5 7 1919
26 6 7 1919
27 0 7 1919
28 1 7 1919
29 2 7 1919
30 3 7 1919
31 4 7 1919
1 5 8 1919
2 6 8 1919
3 0 8 1919
4 1 8 1919
5 2 8 1919
6 3 8 1919
7 4 8 1919
8 5 8 1919
9 6 8 1919
10 0 8 1919
11 1 8 1919
12 2 8 1919
13 3 8 1919
14 4 8 1919
15 5 8 1919
16 6 8 1919
17 0 8 1919
18 1 8 1919
19 2 8 1919
20 3 8 1919
21 4 8 1919
22 5 8 1919
23 6 8 1919
24 0 8 1919
25 1 8 1919
26 2 8 1919
27 3 8 1919
28 4 8 1919
29 5 8 1919
30 6 8 1919
31 0 8 1919
1 1 9 1919
2 2 9 1919
3 3 9 1919
4 4 9 1919
5 5 9 1919
6 6 9 1919
7 0 9 1919
8 1 9 1919
9 2 9 1919
10 3 9 1919
11 4 9 1919
12 5 9 1919
13 6 9 1919
14 0 9 1919
15 1 9 1919
16 2 9 1919
17 3 9 1919
18 4 9 1919
19 5 9 1919
20 6 9 1919
21 0 9 1919
22 1 9 1919
23 2 9 1919
24 3 9 1919
25 4 9 1919
26 5 9 1919
27 6 9 1919
28 0 9 1919
29 1 9 1919
30 2 9 1919
1 3 10 1919
2 4 10 1919
3 5 10 1919
4 6 10 1919
5 0 10 1919
6 1 10 1919
7 2 10 1919
8 3 10 1919
9 4 10 1919
10 5 10 1919
11 6 10 1919
12 0 10 1919
13 1 10 1919
14 2 10 1919
15 3 10 1919
16 4 10 1919
17 5 10 1919
18 6 10 1919
19 0 10 1919
20 1 10 1919
21 2 10 1919
22 3 10 1919
23 4 10 1919
24 5 10 1919
25 6 10 1919
26 0 10 1919
27 1 10 1919
28 2 10 1919
29 3 10 1919
30 4 10 1919
31 5 10 1919
1 6 11 1919
2 0 11 1919
3 1 11 1919
4 2 11 1919
5 3 11 1919
6 4 11 1919
7 5 11 1919
8 6 11 1919
9 0 11 1919
10 1 11 1919
11 2 11 1919
12 3 11 1919
13 4 11 1919
14 5 11 1919
15 6 11 1919
16 0 11 1919
17 1 11 1919
18 2 11 1919
19 3 11 1919
20 4 11 1919
21 5 11 1919
22 6 11 1919
23 0 11 1919
24 1 11 1919
25 2 11 1919
26 3 11 1919
27 4 11 1919
28 5 11 1919
29 6 11 1919
30 0 11 1919
1 1 0 1919
2 2 0 1919
3 3 0 1919
4 4 0 1919
5 5 0 1919
6 6 0 1919
7 0 0 1919
8 1 0 1919
9 2 0 1919
10 3 0 1919
11 4 0 1919
12 5 0 1919
13 6 0 1919
14 0 0 1919
15 1 0 1919
16 2 0 1919
17 3 0 1919
18 4 0 1919
19 5 0 1919
20 6 0 1919
21 0 0 1919
22 1 0 1919
23 2 0 1919
24 3 0 1919
25 4 0 1919
26 5 0 1919
27 6 0 1919
28 0 0 1919
29 1 0 1919
30 2 0 1919
31 3 0 1919
{6: 36, 0: 33, 1: 34, 2: 33, 3: 35, 4: 35, 5: 34}
